image,AK,BCC,BKL,DF,MEL,NV,SCC,VASC,UNK
ISIC_0035968.jpg,0.052457841867953325,0.006391744288441783,0.6152235495514097,0.013144526638056578,0.15970751092096683,0.05960848272516695,0.092799327619757,0.0006669966351454352,1.975310247902942e-08
ISIC_0067531.jpg,0.3421253414612157,0.07377570361648411,0.14907736417468834,0.013967527739639912,0.1748692503577791,0.2385467378722987,0.00723443342971773,0.0004036412730320714,7.5144224582819e-11
ISIC_0064946.jpg,0.0036258963697373765,0.014162299032390208,0.6072304831803335,0.02660734029377689,0.13453438223402633,0.1944835689628332,0.0013196250751187004,0.018036318613340964,8.623844286556647e-08
ISIC_0058621.jpg,0.34519795522750824,0.07879610631439421,0.10754686993442662,0.007432704277683536,0.20646547317897232,0.001975931004408317,0.24892823801612973,0.0036358670091424555,2.0855037334654495e-05
ISIC_0065220.jpg,0.05895692752402956,0.14160398221809092,0.006204929415657752,0.6540114526279461,0.009468096296967472,0.0026578346106277476,0.12310026811995702,0.003991657692103608,4.851494619726017e-06
ISIC_0035451.jpg,0.04429410604145861,0.015412577215850015,0.5975131347340733,0.038452358413192035,0.0034056970617739896,0.006088974293621166,0.2944998914331354,0.0003330302360965948,2.30570798930001e-07
ISIC_0067658.jpg,0.007064757456077722,0.012801823120676504,0.12281281893986933,0.002725871920081564,0.7456771710727664,0.09510570111445242,0.008124318368975078,0.005687536682864401,1.3242366127588737e-09
ISIC_0067987.jpg,0.1643902624600087,0.10655165658801823,0.08072405609810757,0.43814528623104493,0.003920214642876967,0.027491140060006133,0.1784791294900436,0.0002982533068424257,1.1230515063923405e-09
ISIC_0034652.jpg,0.00026990265516638103,0.0002799852942455347,0.9898374067913862,3.610767186047056e-05,0.0035295058802272726,0.005787512611735772,0.00024487565313522177,1.4703442241407616e-05,1.8782468675341347e-15
ISIC_0034898.jpg,0.4630363144703827,0.1976386781141857,0.12295980906069853,0.010881401989317379,0.04118275158071247,0.010284095224483423,0.1538843937222655,0.0001325531650203483,2.6729338173108522e-09
ISIC_0069835.jpg,0.19673925649540924,0.22081249742438033,0.26478176788792346,0.023155326075893167,0.024120928461683372,0.24115406282396906,0.02885758706657327,0.000365646303334438,1.2927460833548005e-05
ISIC_0057861.jpg,0.000895441637249415,0.00013806067262320896,0.003406510262067814,0.00013933581908237452,0.9910503091559302,0.0014410376532244169,0.002924170420436297,5.134356897274175e-06,2.2488889913889713e-11
ISIC_0070172.jpg,0.04340205437647971,0.013306019015577394,0.04244860430604401,0.013090660461247917,0.6409314844701375,0.21556207704272098,0.03089450628955537,0.0003645775433276055,1.6494909614151073e-08
ISIC_0062838.jpg,0.0524232483992102,0.1047797704066972,0.13026364956087597,0.012776410602535704,0.04290347127655614,0.6492583974256727,0.0030515509527521863,0.004543463679905235,3.769579472460454e-08
ISIC_0054037.jpg,0.010745260605889755,0.08650166458366565,0.08135597484219358,0.10548249238264637,0.4094744999653317,0.24986856582111938,0.05537014407600398,0.0012013969449169797,7.782326519323874e-10
ISIC_0066049.jpg,0.006209433207525243,0.0339046337543372,0.019093829131860453,0.001121292287353861,0.8589522250317195,0.055368955334065745,0.015129862930166785,0.01021417731904368,5.591003927408011e-06
ISIC_0035438.jpg,4.400697900577159e-05,0.03174377200825831,0.005803513014853945,0.000531998845405944,0.004440630936620143,0.952061607460443,0.0007986991224556696,0.004575771530288754,1.026685391178342e-10
ISIC_0069172.jpg,0.007910845267900406,0.00032139304399650257,0.02643944612573149,0.17957907364031483,0.35184254185737207,0.4305522280457309,0.0029094776909710934,0.0004444755022408308,5.188257418584459e-07
ISIC_0061805.jpg,0.030238033394448558,0.00580848974285114,0.7659686692439461,0.01132941243954112,0.08343849897895733,0.054877173374615985,0.007283789842881796,0.04074078962444587,0.00031514335831210074
ISIC_0035314.jpg,5.0317331306537346e-05,3.191023733855763e-06,0.0012338630238792005,0.00029820654219535244,0.02899590451878287,0.9690582852010747,0.0003457595632039385,1.4463945717674015e-05,8.850105692347638e-09
ISIC_0071965.jpg,0.11789941687147214,0.0015135888510902236,0.20772688072972492,0.010646786927286479,0.6029138042851466,0.04521694533689069,0.013769684912840646,0.0003128916861791296,3.9936906210207075e-10
ISIC_0055575.jpg,0.11849789560008231,0.0023872561127143504,0.5352958492115284,0.01030590743004906,0.22413097854710018,0.0037817276616106455,0.05730547440673788,0.04823827296570247,5.6638064474616003e-05
ISIC_0062613.jpg,0.0010008843418072323,0.00038926403386233666,0.01965893674985581,0.00025709781695312117,0.09088196617471266,0.8874279728081667,0.00025552961949239613,0.00012834115489460007,7.300255010130967e-09
ISIC_0035444.jpg,2.858558640538564e-05,2.1515153427255587e-05,0.010560856928661252,0.0009103033157287631,0.08096206398461518,0.9069974921480068,3.5772362252725276e-05,0.00048341023395083704,2.869515520162609e-10
ISIC_0067702.jpg,0.2664292461616219,0.003229970188309507,0.4304791322796393,0.0015247247382395284,0.2659826466845118,0.02027494363027846,0.012001475894939136,7.786016608211989e-05,2.563781261799053e-10
ISIC_0056123.jpg,0.15131633350315302,0.14936906015960164,0.13807775674291065,0.4458131511655907,0.0006400095853360628,0.025628782461610822,0.08868347654331073,0.000471426418038828,3.420447587765496e-09
ISIC_0056593.jpg,0.007393032439334791,0.0008453008078226976,0.01835821213559963,0.017588161834625467,0.0962028905195574,0.8538660630066702,0.004725981253917087,0.001019353074384436,1.0049280884307374e-06
ISIC_0068301.jpg,0.07991890547267295,0.7060859469593982,0.039930756398835775,0.015089857480238392,0.008207447901669971,0.0071203718036517765,0.034925982561751404,0.10870443949760056,1.6291924181009668e-05
ISIC_0056283.jpg,0.011792762542295256,0.025983108851078438,0.0071383775286237156,0.262723974148886,0.5998688683882912,0.04720939439385346,0.002073154813552907,0.043210029907044575,3.294263743229757e-07
ISIC_0055632.jpg,0.09104563945724829,0.7747323019741065,0.01725961555808804,0.011163710703587681,0.0015961556969898232,0.008789530018134668,0.06244234730490783,0.03078938201095406,0.0021813172759831685
ISIC_0058382.jpg,0.004887544474352798,0.05933582160708636,0.020308956415335314,0.011264077810294688,0.1003881290452757,0.7995479913194075,0.0026740693265988294,0.0015934100012047348,4.4425034461101126e-13
ISIC_0063468.jpg,0.7882380057019817,0.010539861225780085,0.118889743271876,0.0012461465429299014,0.0022196506698878055,0.00041676088075472047,0.07803423569147645,0.0004155443923211389,5.162299231130935e-08
ISIC_0069751.jpg,0.06985240964002364,0.26207967882810596,0.012634360904537664,0.011523222170853028,0.001461553632790774,0.0029285626901231782,0.6373671656863295,0.002072711566083785,8.033488115258828e-05
ISIC_0053730.jpg,0.01580876860595662,0.01003916063944622,0.09359551137240717,0.5451768690623597,0.005781595988324365,0.03330151208792046,0.29041292919137945,0.005883646255430347,6.79677563850945e-09
ISIC_0057689.jpg,0.00504678443136224,0.002344622222177728,0.04295442315681706,0.7861330318061438,0.11747787425227302,0.003475823822428511,0.02987799918826558,0.01268928736630186,1.5375423028783434e-07
ISIC_0064891.jpg,0.017641080113427455,0.008169175161000714,0.21353085153625914,0.16433266236736926,0.33475984172288153,0.007241450529905893,0.021563073427449415,0.23271636109256255,4.550404914407302e-05
ISIC_0053794.jpg,0.00025848983743097947,0.00036299654215651486,0.0051715859771753175,0.0024185764992161007,0.05215613469481378,0.9389952431217471,0.00013367746303918004,0.0005032560814859748,3.9782935334440684e-08
ISIC_0036014.jpg,5.0200319137424766e-05,1.4130999815476748e-07,0.0028576529216561048,0.017301352776256464,0.007508410973128583,0.9721775154387041,3.453416385227381e-06,0.0001012716629216093,1.1818123643571977e-09
ISIC_0035337.jpg,0.000160920804437153,0.00042665955722263676,0.060174556971324296,0.0006659194233229471,0.010694452390738457,0.9245914209131296,0.000721069953486351,0.002562866360224504,2.133626113925686e-06
ISIC_0064434.jpg,5.578674449922742e-05,0.0007124916302913479,0.0035038374500760594,0.00043289400269939915,0.08801843651864287,0.8908290853360596,0.0001762526562837333,0.0162709483353053,2.673261424798131e-07
ISIC_0069814.jpg,0.00047653196150555495,0.0028058594416554426,0.0007189267015811631,0.9435466772625025,2.0782751172207707e-05,0.00013746541112850312,0.052075227202792125,0.00021852887679621328,3.908663394297584e-10
ISIC_0065164.jpg,0.15214423920425432,0.3148592213334261,0.009244377999016779,0.16374487741890434,0.006846784432175273,0.0023430110214394794,0.3163487083152863,0.03446679504883968,1.985226657765117e-06
ISIC_0034321.jpg,0.0034661394001990805,0.6169750900351575,0.04613262139482977,0.08079226277270689,0.034249889550958645,0.17246179872314063,0.03921962497567718,0.006694908362310694,7.66478501968312e-06
ISIC_0034909.jpg,0.000721837357374058,1.5872051638284876e-06,0.0915110891639366,0.005863351051137834,0.2167113518340196,0.6849734099770519,0.00016758250274363044,4.978916728895714e-05,1.7412837325814808e-09
ISIC_0055019.jpg,0.01108124868839312,0.8036834631296647,0.02094494265214702,0.017471929068619697,0.030851210710411334,0.008708248754412258,0.04759884745939245,0.059657018043646044,3.0914933133611593e-06
ISIC_0059971.jpg,0.17273238150209916,0.6711935523625582,0.04214679745017134,0.0038438909970746017,0.0027946503105009467,0.024701215251397766,0.08095168125408615,0.0016358243548598012,6.517252158052393e-09
ISIC_0071974.jpg,0.024841169551373356,0.012957338296060907,0.9196278049403601,0.0022748461260540132,0.0003229726729663395,0.003907815567140842,0.03606144408910633,6.547704717832982e-06,6.105222031807863e-08
ISIC_0060715.jpg,0.003502279029190541,0.014226006674031589,0.0070557317482672485,0.8549105863179193,0.0235403292309464,0.09354258932866984,0.0010122698307367304,0.0022102075467508296,2.934875616554113e-10
ISIC_0071100.jpg,0.03233893844581951,0.9211186449333815,0.005930407640741665,0.008925233647265308,0.007343137695271951,0.0016715432703108084,0.022463352500523007,0.00020808980556955383,6.520611165933205e-07
ISIC_0069721.jpg,3.9443886659743764e-07,3.599683654459957e-06,0.0010001277554004017,0.0023149880111194244,0.039882844793533746,0.9515118620530815,2.2861358768917787e-07,0.005285954650755716,2.9819030385348234e-16
ISIC_0056985.jpg,0.013189448777301438,0.006000596391942307,0.0922388728315203,0.004634900518290132,0.14226279343518936,0.7391369549686211,0.001179548571751422,0.001356884474268008,3.111604349671589e-11
ISIC_0059780.jpg,0.001111994962183194,0.0004982721000844531,0.03977145165478318,0.014986251873340932,0.3488904129660711,0.5923923090613123,0.0010209303310267542,0.001328377021804737,2.9393211862688814e-11
ISIC_0069075.jpg,0.001144321240103866,0.029808269746257762,0.007027098248690561,0.3542833883169083,0.0036101571103616674,0.06167175877851236,6.815866638443688e-05,0.5423751773066424,1.1670586138622766e-05
ISIC_0034501.jpg,0.02339529369735561,9.263760291236774e-05,0.3631279988422412,0.011446519510520212,0.1003477696170836,0.5001887516510235,0.0005354077955130571,0.0008656083307329104,1.295261765138541e-08
ISIC_0065205.jpg,0.0023665818075364643,0.6763999786692666,0.0316156508725363,0.003641077400244043,0.030532887542852685,0.25222222089099644,0.0017023603719952863,0.0015192393891312148,3.05544091758816e-09
ISIC_0062676.jpg,0.13660271002039945,0.04447095644166175,0.12153761542749145,0.012877650148522681,0.31493787353553965,0.31700203737979665,0.05224728203407813,0.00032387407646524726,9.36044965020403e-10
ISIC_0054098.jpg,0.0024994393011219074,7.76780947854314e-06,0.9933661279305502,2.5892538404970813e-05,0.0012550041849752247,0.00014672535417937049,0.002689019896275471,1.0022943197889727e-05,4.1816493611128464e-11
ISIC_0035962.jpg,0.001124292554479283,0.002060852789500091,0.008832354923307494,0.011545871608327596,0.19521137465020355,0.7706741162021373,0.01052641455573618,2.4713963535014463e-05,8.752773461587469e-09
ISIC_0069829.jpg,0.00011540598140684259,0.0011363788870151212,0.0075849359851057774,0.31017934447933926,0.0703906956164895,0.6079086540572526,0.00015842923197508267,0.002526155660236603,1.0117918674575311e-10
ISIC_0054188.jpg,0.001915254929206432,0.0036132926058845345,0.03129753553550439,0.0015488135323890972,0.41369969647921684,0.5376822718764017,0.005454907670992443,0.0047882273702210916,1.8340491650736106e-13
ISIC_0072191.jpg,0.014813905681830662,0.6722408468750544,0.0017672691731506422,0.27703037397822844,0.006614276672909091,0.0003272175967364479,0.02609970849260216,0.001105388837519145,1.0126919690019112e-06
ISIC_0055298.jpg,0.03584938156186137,0.2158036692942827,0.044524624859083345,0.0016807901936745687,0.507145339643541,0.00840935478761651,0.06569902999240923,0.12088776622314418,4.344438719206466e-08
ISIC_0059117.jpg,3.3252993526361536e-05,0.00013490233063767555,0.0019460842790354931,0.0003380795696774903,0.041199796139188005,0.9559861508534563,5.434176575530206e-05,0.00030739178194448986,2.867789238556094e-10
ISIC_0053912.jpg,0.005597453078859434,0.000919105503680789,0.03162720422259484,0.0007924737052563774,0.7564422464585403,0.2013587802998697,0.0031556714556290376,0.00010706401801178533,1.2575577199538612e-09
ISIC_0068031.jpg,0.00122414042681728,0.07544943265730314,0.006546427702650554,0.062383655201047425,0.003698167817490181,0.00448161537032669,0.00024470173101467056,0.8459718045540596,5.453929031633428e-08
ISIC_0035127.jpg,0.03007934647135607,0.0016657917171356857,0.606661948629293,0.0026135898105041455,0.12073484016443292,0.0469256045648292,0.1855454038095056,0.0057734748261632374,6.7799290012187e-12
ISIC_0034369.jpg,0.0003142439217493196,6.247863558898546e-05,0.003647444928260132,0.00041576463627577577,0.027508498399610733,0.9680241236330143,2.5639347098174048e-05,1.8064983627865245e-06,3.968995274682706e-14
ISIC_0069688.jpg,0.1570086478867591,0.3390494983822379,0.008980253429398614,0.04116996745813274,0.009183704063102581,0.0030596106966421887,0.44142889564981336,7.647865256687107e-05,4.2943781346669716e-05
ISIC_0061106.jpg,0.05559245250650649,0.0040353504083863335,0.13932031765962838,0.14617855967403648,0.28837571780893884,0.05163352869215649,0.312645630460982,0.002218442706707376,8.265758371258893e-11
ISIC_0055387.jpg,0.9150083070832824,0.0022760045029472965,0.03977248495514025,0.004503430112535295,0.011069500634957187,0.0015024357563090238,0.025840671817887812,2.7165136804568113e-05,1.362619094636844e-13
ISIC_0056783.jpg,0.034551110357822365,0.07922731630791097,0.08791134712096478,0.2560029144047721,0.029746604757113524,0.4968473741529638,0.013107173742703346,0.0026061590844172924,7.133173244046805e-11
ISIC_0058247.jpg,0.043493085111478404,0.04310453691399445,0.043660267932252673,0.5775091833102612,0.0028295517637281476,0.005555728964950807,0.21824292735919792,0.06560438727871677,3.3136541974266926e-07
ISIC_0063370.jpg,0.2365786211438676,0.7095898265360722,0.01659435751453316,0.013258291296334018,0.0013826366946209808,0.012356436000920231,0.008267597996157809,0.0019634270482327266,8.805769261357748e-06
ISIC_0066309.jpg,0.03269284432678341,0.48363239638957156,0.006287173562791286,0.006905836832260584,0.2820024123825392,0.0005415688684724238,0.1438516557662766,0.0440852048981384,9.069731667301651e-07
ISIC_0070482.jpg,0.04013746032700708,0.32393610082050955,0.18749167051115023,0.07036587047903708,0.033994514447973474,0.1207598843722115,0.20584370602510507,0.01747051386657492,2.7915043100782154e-07
ISIC_0059332.jpg,0.005760191202351816,0.0003728514901781535,0.11064385132852342,0.002699210888487281,0.21141421376541084,0.6683227812525827,0.00047311177945378127,0.00030267487697715925,1.11134160347574e-05
ISIC_0059224.jpg,0.0019035181316946572,0.0022416528108030894,0.02872942459794682,0.0006028153199495479,0.7238872925341092,0.23748365391849227,0.004755427982194589,0.0003962136390939921,1.0657157907847528e-09
ISIC_0071971.jpg,0.04170900817059948,0.155128286671332,0.30255726071305117,0.06238573446428894,0.06647205945845268,0.08930137762809762,0.017059175282737683,0.26538144750338977,5.650108050572389e-06
ISIC_0069018.jpg,0.02143306048578357,0.17126537045775467,0.039401617879861454,0.09306846368300886,0.2236385027241971,0.42828742542615567,0.020926020242651958,0.001976743739715761,2.795360870830484e-06
ISIC_0061856.jpg,0.24458100111603182,0.04185063727757596,0.06659463019526175,0.2976120741266153,0.018571372617950947,0.06636127948834018,0.1997708221640239,0.06465818264478297,3.694173350097856e-10
ISIC_0072560.jpg,0.6956094347088474,0.09588694204840906,0.07293815526203107,0.03788619484257162,0.029043647815995544,0.0069216334594685985,0.05915341475600076,0.0025535691583346903,7.007948341250087e-06
ISIC_0060816.jpg,0.050148909291109156,0.02501382830397591,0.009448980786205093,0.16550138121405847,0.020836605887239467,0.00820040820986272,0.005024205826325314,0.7104485369950869,0.005377143486136942
ISIC_0054742.jpg,0.29942783873234363,0.005036355453117603,0.038562250473026825,0.07687546743082226,0.02157132454843253,0.0033520936028729104,0.2718696283909233,0.26572719855214794,0.017577842816312965
ISIC_0068431.jpg,0.15396087461436875,0.09885795652901933,0.055148740461336186,0.04634209896529889,0.04721240877337198,0.003465416407115876,0.5763040102192547,0.005077475885836311,0.013631018144397915
ISIC_0067224.jpg,0.38842025331010555,0.3601808295699518,0.01120608774405125,0.0052168765923260715,0.002456235723509294,0.00048623012826742607,0.2313646895029991,4.682604633847423e-05,0.0006219713824511788
ISIC_0065466.jpg,0.0005569364402058762,0.010088122601695433,0.0026634501053906393,0.00014130399964831943,0.9276341926162206,0.0008656496913145418,0.011296566576418718,0.0466820908635944,7.168710551147387e-05
ISIC_0063671.jpg,0.036068742188473044,0.11922041241326362,0.004243533667397213,0.03160227203792283,0.0029335302606601304,0.00023643604436601555,0.8053562507536215,0.0003385635026572378,2.5913163840344786e-07
ISIC_0058479.jpg,0.0005254741399890913,0.9648315522622087,0.008959711905549735,0.013948476025509002,0.0014891843389425938,0.008526288636060166,0.000982409215935374,0.00073690347458251,1.222604870274977e-12
ISIC_0055750.jpg,0.14964657122922292,0.020674122869077553,0.03174875269583544,0.008066643157376733,0.11478143791097672,0.003868397280769988,0.5147060011712682,0.1506177303673368,0.00589034331813564
ISIC_0034598.jpg,0.008631253300879995,0.6199672738539014,0.016962957459148168,0.06573163723343653,0.007523698047370263,0.005923008350678082,0.26843815444454233,0.006808033277713341,1.3984032329952336e-05
ISIC_0055045.jpg,0.5696688368705846,0.020265710535479407,0.03401603003764526,0.039386709497775355,0.03184555227317359,0.008578928594063227,0.29468390652007925,0.0015543114511729155,1.4220026402085803e-08
ISIC_0057603.jpg,0.14536938892795598,0.022099453062275263,0.05031289878207535,0.3861895555995054,0.027394153504353532,0.004350162016210255,0.3522957702653519,0.005993758111978219,0.005994859730294029
ISIC_0066280.jpg,0.016884770149409284,0.08650244151284658,0.009549180147815906,0.620798045157669,0.01942604520740797,0.06971050161238157,0.10684537950043643,0.07024802010219879,3.5616609834506236e-05
ISIC_0064479.jpg,0.03869209565941177,0.5679958859517888,0.01706560415762162,0.17766213767235187,0.005314762642651532,0.011387654911179972,0.11083757947784856,0.07104427851680704,1.0103388816793572e-09
ISIC_0057796.jpg,0.00012986164095872462,0.0013662352040871137,0.0006043222351332256,6.522364483780546e-05,0.9954631703093859,0.00015306851824399805,0.0018892626435277975,0.0003288545478281012,1.2559972527444512e-09
ISIC_0035020.jpg,1.3904805547710775e-05,7.652252520960313e-06,0.0007926539105972743,0.007263949692227532,0.010779371036375416,0.9554645313748875,3.6332946766341985e-05,0.025641321837073783,2.8214400364708253e-07
ISIC_0054821.jpg,0.004019969052176784,1.709693064509793e-05,0.040701635814022405,0.004157225941469947,0.4466521782779809,0.503695243322052,0.00016553357965788608,0.0005911167623115668,3.1968342588025416e-10
ISIC_0064880.jpg,0.8240314812271874,0.09225186509217889,0.058029762096465966,0.00031152574291044697,0.002113108480585838,0.0010960293181776688,0.021515028290104828,0.0006490411347391256,2.1586176498531527e-06
ISIC_0034512.jpg,3.762703818207634e-05,1.3092380954932816e-05,0.081017239660647,0.0005008661980842429,0.005149252252236321,0.9107054031460899,2.7241181971719644e-05,0.002549272782168628,5.359665234455805e-09
ISIC_0061383.jpg,0.012661306935938246,0.028526226706261416,0.1160748051333561,0.017548914353462328,0.060793289284242505,0.7523307516324259,0.009751359096331274,0.0023133460186397343,8.393425852102528e-10
ISIC_0055544.jpg,0.3269317702361026,0.011355660906394605,0.28771719059321166,0.20010737701771114,0.14572100869789387,0.004280630679171585,0.023395601582310747,0.00048014079167700417,1.0619495526736705e-05
ISIC_0036038.jpg,0.0004203375469876165,0.0004595649205117683,0.002766846493524691,0.009059349109171588,0.3147348784353304,0.6663201892444223,0.004793876140347174,0.0008168118170501599,0.0006281462926543669
ISIC_0068020.jpg,0.3295464323222853,0.029610054651681077,0.1946461462852846,0.08358268305487383,0.10991518338587968,0.004794239052877098,0.24149939288364825,0.00404963014131025,0.0023562382221599333
ISIC_0055152.jpg,0.13182694480435397,0.4498816435149947,0.0382233189881,0.11476925187067118,0.02756959311716194,0.055951476386957626,0.1813416724503046,0.00043603868689169286,6.018056415379803e-08
ISIC_0034866.jpg,0.011129020421121589,0.03545542824186127,0.10028286613913798,0.05965065871592457,0.021423282143324993,0.6574156521303023,0.11423560748892729,0.00040747652392501545,8.195475057585127e-09
ISIC_0070590.jpg,0.07664778610107453,0.000923207084359502,0.31309328097195344,0.0022053188306568267,0.200418193971712,0.40399780358958265,0.002402771866906124,0.0003116202236583449,1.7360096555904218e-08
ISIC_0071027.jpg,0.8014065962617064,0.037713563367534904,0.009134350607705065,0.013154097761227121,0.004126652833444337,0.003207428090879282,0.13111052016857017,0.0001466962640123447,9.464492042815739e-08
ISIC_0035963.jpg,0.0017462657561219414,0.01272977198521853,0.1376330223597728,0.008615888117658276,0.3475770283724295,0.41626121960931994,0.07498427128416035,0.0004525132793799337,1.923593877698908e-08
ISIC_0057831.jpg,0.10687213146608289,0.17322719514824156,0.06346914607816125,0.4603565715311257,0.024977712841274525,0.08634910695639315,0.0628280873238292,0.021919646004672715,4.0265021899675033e-07
ISIC_0071970.jpg,0.0001854174095371641,6.375017247068424e-06,0.03579098994334508,0.0007520505423785058,0.24659795378104685,0.7152633491674047,1.2011012075221808e-05,0.0013910606057519906,7.925212134778052e-07
ISIC_0035456.jpg,0.0016214330828190182,0.0005074997801790788,0.03600547290684963,0.0018780538628622354,0.04146065682448808,0.9177543574279429,0.0005202983500959405,0.00025131156805409817,9.161967090929139e-07
ISIC_0066032.jpg,0.6743868867151092,0.14312149555799306,0.028982794699389337,0.041188494217528605,0.005692739586001562,0.0007654026319976093,0.10582646580693109,3.501390288209894e-05,7.068821674833693e-07
ISIC_0035446.jpg,0.007164742992351587,0.011696693982549022,0.02112669934344353,0.025858621926306304,0.005868971389637528,0.0011367960528268295,0.9154031181253311,0.011744046810506198,3.093770478112032e-07
ISIC_0035764.jpg,0.009509390762065735,0.0018960111462757688,0.18202926165359884,0.012836212294977696,0.5463467397454495,0.11772077613464116,0.12955843209445445,0.00010272386381819697,4.5230471872779676e-07
ISIC_0059051.jpg,0.032308780100049665,0.059730974620912036,0.4080753374941019,0.032661476169299826,0.16956744015235464,0.17802298576101108,0.008261048739457265,0.11136685846484329,5.0984979702266555e-06
ISIC_0068888.jpg,0.02684606833214826,0.9351405255907265,0.007190993681137135,0.013169891123982643,0.0029261718338023292,0.009109253521947485,0.002526453102588746,0.003090201175221931,4.4163844489251824e-07
ISIC_0062004.jpg,0.0021384936421930873,0.0003873802676161145,0.13470163361863044,0.0036041002015631592,0.26510522141467324,0.5852674500400512,0.0026910247924163415,0.006104692567147111,3.4557093985790713e-09
ISIC_0034767.jpg,0.0003168779975142229,1.6839549826130564e-05,0.03270307596045452,0.179744237339836,0.08110729331526968,0.7029500407640769,0.003093491719844669,6.814335317743793e-05,3.951429001131106e-16
ISIC_0058963.jpg,0.00046668768109855323,7.705042848712012e-05,0.00024514953739060316,0.9953116113139822,6.505666363349386e-05,2.8021006870195817e-05,0.0014829618323120713,0.002323460706724553,8.295012519154292e-10
ISIC_0034864.jpg,1.9356878578535494e-06,2.784808256139794e-08,0.003968135222885484,0.00033022693644866387,0.6043390178746162,0.3913591544951033,7.099605292875196e-07,7.919744301119279e-07,4.6489989246959856e-14
ISIC_0062720.jpg,0.08446954566720215,0.000254719922939506,0.5032712297989949,0.0038690645979664023,0.3526709095525411,0.05207573903347975,0.0030833681385639597,0.00030542233515426964,9.531579916946856e-10
ISIC_0062947.jpg,0.03395077939074069,0.7892902661011967,0.028317576934716614,0.003441258114071214,0.01612130661067776,0.06701263113496311,0.06126917871839579,0.0005950699672717625,1.9330279664397596e-06
ISIC_0059978.jpg,0.0048115408622831975,0.033436198848216525,0.013251308810344939,0.020551976929796247,0.3363443290972127,0.0007682397609235552,0.5903613091819525,0.00047504671231595776,4.979695428939614e-08
ISIC_0070407.jpg,0.050297273991251445,0.8851166383056289,0.0027460049916020373,0.004660330266981854,0.002575976753310267,0.00021279363417878066,0.05390234913252274,0.0004882991695876526,3.337549361542533e-07
ISIC_0035247.jpg,2.502197157844093e-10,7.69324572906508e-09,8.313944131792715e-10,7.766272502833416e-07,9.021110841628145e-09,2.921696540695097e-08,7.043874121822911e-09,0.9999991692660949,4.984466765719142e-11
ISIC_0066324.jpg,0.0009492777394556183,0.00023358249509377988,0.03140917565280531,0.00024297783017304323,0.9526180100753754,0.012205577316797802,0.00011874266132595095,0.0022226561795831916,4.938975654350582e-11
ISIC_0034833.jpg,0.011549810627048426,0.7585758374133882,0.008440303056530592,0.04295803107889054,0.0028668246450225046,4.649505761049539e-05,0.17550162768216163,6.105659106843518e-05,1.3848279086867529e-08
ISIC_0058076.jpg,0.005541558028327973,0.016392422788739595,0.07887814300409382,0.5955657301317154,0.020866501414466363,0.2656441152280559,0.012012674490521763,0.005098778099707175,7.68143718679927e-08
ISIC_0034813.jpg,0.005142596729207768,0.0012936265366829268,0.22120778169719932,0.009212277261790568,0.45391451712746017,0.30729328992443955,0.0018117340785685488,0.0001216838815135417,2.4927631376305407e-06
ISIC_0063870.jpg,0.006146691960813098,0.010140521113969491,0.03988440005448728,0.007966806031518808,0.4241045532491915,0.49624153900398105,0.015106263083761878,0.00040922549542785877,6.849198529437039e-12
ISIC_0063249.jpg,0.3668251624518621,0.0012048589564738873,0.504912199204823,0.061212238551912525,0.0019403994105341258,0.0024375368555893217,0.05147563637240636,0.009991960737264147,7.459134683728923e-09
ISIC_0056481.jpg,0.005561184521223369,0.008043146785326886,0.07326728930636993,0.023511594538635577,0.36368488303151164,0.5147679966146622,0.0103002207302237,0.0008633332175145025,3.512545321149989e-07
ISIC_0053837.jpg,0.30608936879423554,0.3990323595382933,0.11190850964312313,0.011944558202179233,0.008780790751017958,0.010596324736202372,0.1349555936759151,0.016692342418283067,1.5224075027804784e-07
ISIC_0069568.jpg,0.00318835844247209,0.0008440885225642894,0.017308056867721966,0.023827102578417827,0.2857247176897622,0.6650506821242445,0.0037735380000591826,0.0002834475301971984,8.24456085741633e-09
ISIC_0056394.jpg,0.06529056214770902,0.07451603190909374,0.014545334960441815,0.0004147664293493521,0.6231575838275739,0.002635360004602219,0.21669829722927877,0.0027420580731930557,5.418758183928651e-09
ISIC_0068261.jpg,0.815797624227001,0.05031821057584998,0.04453747730161035,0.030906058984064386,0.014890609043303995,0.003780775095435996,0.03935060836486479,0.0003565970453942409,6.203936247528409e-05
ISIC_0035901.jpg,0.03985277507999869,0.07614034713245922,0.018346213341407656,0.08689549356946205,0.037093153755487634,0.0035814200854928716,0.7379199438389061,0.00017065096973470804,2.227051027788199e-09
ISIC_0058881.jpg,0.0008175641491694437,0.09733649950519664,0.02276278082252895,0.021370512601959372,0.8164851206904905,0.01844064329192812,0.00492132724259059,0.017865507032714598,4.466342172913714e-08
ISIC_0035596.jpg,0.0001672188326996973,2.230089055759983e-05,0.013747667909803477,0.0007919006337795698,0.037389010529726735,0.9473229234520987,0.00014304474967128208,0.00041592818448319704,4.817179827036667e-09
ISIC_0035182.jpg,4.285110944799752e-05,4.023195382054942e-05,0.018539105375970873,0.004707305472916882,0.00340201833532705,0.9727099056649405,0.00011772696996261014,0.00044082211428376393,3.300332982717184e-08
ISIC_0056001.jpg,0.000556685867301906,0.001195642657419144,0.007042459052579007,4.7864917355969665e-05,0.9892544381706915,0.0005320934450446083,0.0008965331649419607,0.00047428251090120917,2.1376464547481476e-10
ISIC_0070428.jpg,0.0034431651154700135,0.005240451681598669,0.038581834488084714,0.03975813322956929,0.42627629724339716,0.06032376418287611,0.022882366854570593,0.3996098754723784,0.0038841117320548486
ISIC_0057632.jpg,0.04689225468731713,2.97447302446973e-05,0.15424240521999544,0.0004697011464903231,0.7532891117926016,0.044275488220555236,0.0007799878493311202,2.1304398843409608e-05,1.95462108758496e-09
ISIC_0063780.jpg,0.06581246767824424,0.047072257841170445,0.488751406128748,0.2723847560470637,0.02782710316204332,0.022334104697745622,0.015425433895306822,0.060392259235897,2.1131378090807986e-07
ISIC_0055002.jpg,0.3406632250801482,0.1026102937617381,0.1621755508232295,0.0038407831700895015,0.2498830410595197,0.002633291640444213,0.13477764649737228,0.003406711155607015,9.456811851494806e-06
ISIC_0057284.jpg,0.3672810974474987,0.007304325817112314,0.16526435469439943,0.38220402486211474,0.004325927671516247,0.03202311168243208,0.0076358008712166395,0.03396135181898305,5.134726713120202e-09
ISIC_0058870.jpg,4.5552038361359635e-05,2.1952087909199266e-06,0.002339592037159254,0.001629403464650314,0.0653930444823841,0.9304989689981614,2.3825448771808315e-06,8.88611595351422e-05,6.608028903142862e-11
ISIC_0035983.jpg,5.7887793684392754e-05,6.919718459476189e-07,0.058652065496410485,0.05959530472775744,0.015096810589892349,0.8630491996201111,0.00033423348798366424,0.0032138062806805565,3.16340100123781e-11
ISIC_0035652.jpg,1.1894292410739629e-05,8.242394949478673e-06,0.001573698698112006,0.00022838364721772714,0.10552282693938436,0.8924900819863316,8.229796743267143e-06,0.00015664223292754753,1.1923082463683684e-11
ISIC_0072300.jpg,0.013395399581600468,0.11774616178881395,0.4926679315278237,0.0017428429992250377,0.07164215130285428,0.2094372670278875,0.05808413409988775,0.03516104826941797,0.0001230634024893549
ISIC_0070839.jpg,0.0022914909901116214,0.007885018014442717,0.014326181143984127,0.13388445092676943,0.14985315008678263,0.5540924262781824,0.0018246464914321444,0.1358425889920963,4.7076198625334767e-08
ISIC_0071526.jpg,0.09183869357097028,0.6403213580540313,0.0898102470133304,0.007820277696818142,0.015503164508377831,0.04637021711186504,0.10596477653687168,0.002360677062408778,1.0588445326580481e-05
ISIC_0063959.jpg,0.4917052869403695,0.00046827716643840057,0.18269406878436942,0.07265470456130424,0.005693055573598116,0.001838123620176548,0.2400806219236711,0.0036363498251370486,0.0012295116049356126
ISIC_0056628.jpg,0.6301348244536527,0.026155954636201954,0.045529712101776164,0.04667836099532836,0.21431311350185234,0.00683235162453239,0.03027789477843349,7.738889527035457e-05,3.990129521824049e-07
ISIC_0035381.jpg,0.0014533926483227698,0.00032433537806807037,0.0960896685320984,0.027304878340558336,0.14928577258326486,0.7093421946549628,0.01600112686172275,0.00019823992097679676,3.9108002499890687e-07
ISIC_0035920.jpg,0.00047786712912742857,0.0032660285094767414,0.0664180414466632,0.029914621029970594,0.406485382699319,0.49062244720909276,0.0015006281245246514,0.001314982891712205,9.601133425739084e-10
ISIC_0068518.jpg,0.29866312394309635,0.5669805018299189,0.0038793202919870304,0.03910426880356903,0.0015479441152312337,0.0005463958256196208,0.07184661712973914,0.017413566916708777,1.8261144129990457e-05
ISIC_0066677.jpg,0.24637745803430822,0.7449376548150184,0.0019764922918776946,0.00037343281362185184,0.0002773186890710083,0.0006401575960086442,0.0048669606493671625,0.0005299657567795069,2.0559353947505166e-05
ISIC_0035819.jpg,3.24583358165919e-05,5.1115642809833256e-05,0.0867347844771013,0.000529918686720594,0.7883918194498256,0.12365154271898349,0.0005351529443597207,7.320769340835736e-05,5.0974554179220045e-11
ISIC_0035158.jpg,0.00024022507738619687,0.0004998578156746845,0.018259210169025698,0.13701304384934965,0.0054171977135983795,0.8221499976124743,0.00028825257037685937,0.01613208400193905,1.311901750817346e-07
ISIC_0058438.jpg,0.03187125024245095,0.5962685760444792,0.08841701730631524,0.06274649920466098,0.05812530104864692,0.047802796777728224,0.021241610435890745,0.09352558353015644,1.3654096712387717e-06
ISIC_0073192.jpg,0.03870833819224826,0.8847902790551286,0.013169665065706767,0.0017951541965431927,0.0022009897256824182,0.000229380043388356,0.059095726729512105,1.0465484710367542e-05,1.507079882806871e-09
ISIC_0070402.jpg,0.0077348606455476835,0.009274636658057108,0.003483267645161432,0.00643090099960967,0.0033792062578293456,0.0008358071754456663,0.04781196524280364,0.9210408456061444,8.50976940104498e-06
ISIC_0054769.jpg,0.6761673001850913,0.015179464588364326,0.12810118818987315,0.005100220604439716,0.019652990005256093,0.001825345616174004,0.15004988771747874,0.0014176129913423391,0.0025059901019804025
ISIC_0060647.jpg,0.107663416797668,0.2625300467607922,0.1586101652764021,0.04717304531629136,0.06116949896976787,0.3514784002573972,0.008449933190526596,0.0029250002761009256,4.931550537568602e-07
ISIC_0059610.jpg,0.031589963467101474,0.3462749888664322,0.03973120728247281,0.007684284826449679,0.1524370110627305,0.04480142351984593,0.2782842351665669,0.09765520149459057,0.0015416843138099424
ISIC_0056006.jpg,0.011653241964370932,0.24902358554834123,0.5182494973833748,0.021442084315552928,0.013435924617578162,0.11332519331139089,0.04829543060806196,0.024575004363616447,3.788771261839315e-08
ISIC_0034899.jpg,0.0032733843172856824,0.47125601075053647,0.0065615062491869445,0.04721335948284136,0.0012954483335010547,0.003950226045189844,0.03676627946278071,0.4296837596769446,2.5681733445053758e-08
ISIC_0061260.jpg,0.6476704642486659,0.14695722457277455,0.018522178093957876,0.04122090559072632,0.006482133112077644,0.0005264766023959915,0.13855267244511368,6.562337422091186e-05,2.3219600670756337e-06
ISIC_0064366.jpg,0.002152372000025086,2.2355938341706143e-05,0.05552169732405902,0.0010159784110809257,0.13777546608274302,0.8030531236126686,0.00020063606574819928,0.0002582140926290029,1.564727044314045e-07
ISIC_0054101.jpg,0.3710257628687779,0.02735613265479747,0.004152345699513264,0.002287984401657435,0.0005974582527456279,3.2747975786921855e-05,0.5945119410829797,3.5626326549353314e-05,7.371924267690807e-10
ISIC_0070196.jpg,0.14966677632952324,0.007905582682233974,0.4228534248359247,0.0031592472652559947,0.23276626333989728,0.1657562520353048,0.017851127106200734,4.1325337114917194e-05,1.0685443159690125e-09
ISIC_0067959.jpg,0.03354808721859852,0.11341326037557746,0.04791898683064848,0.04187830891680495,0.39954774812195076,0.3567187057974118,0.004881081591435214,0.002093813501792656,7.645780265698748e-09
ISIC_0057204.jpg,0.005753022720024796,0.301358797964545,0.02273092406536143,0.0038677440647670934,0.2242470213459042,0.4141954213378172,0.007386112993605107,0.02046027804723299,6.774607420161995e-07
ISIC_0071253.jpg,0.3566948738241058,0.12908195343116993,0.026176309533637143,0.03156225806494328,0.29331543124591797,0.015724086214898,0.14684251674541693,0.000602557417587617,1.3522323232531543e-08
ISIC_0068638.jpg,0.1131492717741971,0.05902200016018796,0.016780628487859984,0.02706605477015918,0.17433051792024126,0.00664598120434344,0.5985114482982625,0.004484859518434769,9.237866313615086e-06
ISIC_0072793.jpg,0.007633275462041293,0.0056806039439661095,0.05203452991684519,0.000751105105338719,0.6491330392440049,0.27181052320567956,0.011722683354920794,0.0012342368683387888,2.89886478942775e-09
ISIC_0055380.jpg,0.0006313701709761085,0.0001389312813718747,0.058223866946228366,0.0007496310165140716,0.6001028476659424,0.337755372845757,0.0002529734466529677,0.002145002296752031,4.329805165713254e-09
ISIC_0072685.jpg,0.016973657509917507,0.030895378518348317,0.14116127517551483,0.4144018183557067,0.03040781866789014,0.14989579065145217,0.060810619565313195,0.1551531568918673,0.0003004846639897513
ISIC_0035906.jpg,0.001580793245945655,0.00019400742788783337,0.23869332023023562,0.007625397314822373,0.19886064691487923,0.5464491788389457,0.00597248156082247,0.0006241617566326529,1.2709828485044137e-08
ISIC_0055345.jpg,0.03251752043006274,0.07561436497470644,0.6610197120564995,0.004486004327885343,0.023699098605452277,0.016766754339060174,0.04145083203277096,0.14432655392816465,0.00011915930539781294
ISIC_0069599.jpg,0.0874615379332837,0.18046838864981643,0.0065687048149590446,0.012239428411788492,0.440736203147796,0.0021076277440036533,0.1677719186993146,0.10262587229319631,2.0318305841857022e-05
ISIC_0053592.jpg,0.37780513820508993,0.3922948682166855,0.07300070375578234,0.025005887422195457,0.006420199804908679,0.00899043810459203,0.11565610514423452,0.0008256672604115958,9.920860999519868e-07
ISIC_0035271.jpg,6.517450539993537e-05,5.888235520674481e-05,0.030932521046745317,0.0010628501215816555,0.9453017407176235,0.015004346639635624,0.0024169973019863913,0.0051574846676462225,2.644174569924465e-09
ISIC_0034380.jpg,2.8513155468372978e-08,2.1493830708407278e-07,5.713885580582474e-05,2.315682107743281e-05,0.00024382796968705047,0.9827891090497929,6.347825877699487e-07,0.016885888932802226,1.3678428965169598e-10
ISIC_0068237.jpg,0.014035995814421236,0.03169769461698511,0.5926414455088617,0.0010145602965916031,0.05794947584756032,0.2769929068734713,0.025583206616455433,8.47130243721699e-05,1.4012810603316073e-09
ISIC_0070405.jpg,0.3112583276771725,0.16925517423317377,0.08036119882760305,0.27481529515352404,0.046179893900402,0.005470056654099659,0.11246211439411287,0.00019762103987687026,3.181200351907054e-07
ISIC_0062976.jpg,0.004595890460909992,0.08712190310895901,0.007891812711294962,0.29231066768835184,0.004097905011606031,0.023469499132064416,0.00019994279248535565,0.5803122864415435,9.26527848895929e-08
ISIC_0065934.jpg,0.0017832186200127539,0.0206284051680572,0.02295354581782938,0.0010842202057465137,0.09429500289472471,0.8538017655461556,0.0052697300673160245,0.0001841116799882928,1.69637074741656e-13
ISIC_0067713.jpg,0.10548103662030542,0.18564330551238906,0.10989600627045347,0.08535898772211009,0.023296808723285576,0.005679629423153607,0.45881326575506254,0.0217053371911445,0.004125622782095751
ISIC_0034721.jpg,0.005145281659335613,4.415053389912279e-06,0.1610321811604891,0.04050783669165716,0.024926582676464363,0.7680243566604845,9.165995630395295e-05,0.0002676779883204893,8.153555031483095e-09
ISIC_0035774.jpg,4.964443212166666e-06,1.6089893867035682e-05,0.017534600952579367,0.024192727875212258,0.6066905848372424,0.3514848695966783,6.70267395623034e-06,6.945972721120468e-05,4.105236267485038e-14
ISIC_0035463.jpg,0.14979850311736487,0.003613277316855166,0.5320966332049089,0.1371382715298815,0.09140892438439528,0.011130162576355511,0.06305261997133092,0.011761336171289064,2.717276188833737e-07
ISIC_0034883.jpg,0.00655619369323078,0.0030287552898521993,0.01260589772356118,0.00015182073484569029,0.00913202826486127,0.9517472294428235,0.00018383200764085722,0.0165942382371924,4.605992105521468e-09
ISIC_0070515.jpg,0.8562441395594108,0.006421033196363694,0.05124139778208715,0.00474419798097201,0.003377451339293869,0.01642717441465193,0.06146484532680367,7.974165307449915e-05,1.8747342389426914e-08
