image,AK,BCC,BKL,DF,MEL,NV,SCC,VASC,UNK
ISIC_0035968.jpg,0.009341018698450798,0.004572931987003497,0.7903842982951389,0.00026660702977744616,0.14027964895212316,0.049904228458925184,0.004929122517124333,0.00032212799590433064,1.6065552369055206e-08
ISIC_0067531.jpg,0.09663228063398156,0.0862263418498617,0.028806491507656573,0.0017035440174911303,0.492626565018276,0.23454524818811578,0.05609590301641641,0.0033636257390171663,2.9183579519391225e-11
ISIC_0064946.jpg,0.001835979696789164,0.0019178645960422716,0.25154074380250563,0.006258095024482833,0.6706525606440432,0.06497955356187435,0.001969345295944066,0.0008457597170270138,9.766129157353992e-08
ISIC_0058621.jpg,0.24171728672402304,0.4679146260021686,0.06195873800808761,0.0011027408704229473,0.1988425620529442,0.0016228435594678335,0.021218164890451658,0.005620699207478634,2.338684955514071e-06
ISIC_0065220.jpg,0.14418934870649322,0.3825381901037394,0.05981883948741574,0.014826449832314873,0.03308275057699103,0.009118243320951694,0.3491864243167654,0.007239732618861447,2.103646705748455e-08
ISIC_0035451.jpg,0.02048925155544862,0.08521983362839564,0.11306103468582752,0.7144237929960876,0.0004637026279303127,0.0012069474936680885,0.06336130915430703,0.0017724458701709612,1.681988164437014e-06
ISIC_0067658.jpg,0.00025187891234944656,0.004202815858457414,0.0014992663432025466,0.00015914791737709042,0.9328391757961902,0.0588509953749254,0.001763106180778343,0.0004336136158287459,8.90848471795091e-13
ISIC_0067987.jpg,0.06023240155496429,0.2212193570999546,0.0383264534360902,0.24086670675926758,0.0010867051642628174,0.023891034593958166,0.4142124351153453,0.00016047295270829853,4.433323448734497e-06
ISIC_0034652.jpg,0.0006499471191592839,0.00012283970658852637,0.9845066980411841,1.1752351298800136e-05,0.0015884984396772493,0.012381625955583436,0.0007349291525667232,3.709232402998443e-06,1.5390732733472329e-12
ISIC_0034898.jpg,0.7616868229241439,0.05877750281552626,0.048125411422665604,2.53418828213661e-05,0.003441848618008667,0.001554338083420728,0.12632381322198158,6.484153411882553e-05,7.949731308262348e-08
ISIC_0069835.jpg,0.010747773725212479,0.8961410704373194,0.02073453869473587,0.0032510645235262546,0.0027766244417561656,0.010468237215730317,0.0557577759105993,0.0001208425610659313,2.072490054257701e-06
ISIC_0057861.jpg,1.1322291771577323e-07,5.891264671335361e-08,1.0500993693166013e-05,3.2755584768988876e-06,0.9994816811995543,0.0005035213275630642,7.65586618638776e-07,8.319669169076728e-08,1.8377992820986286e-12
ISIC_0070172.jpg,0.0026229528983604815,0.001046605480267637,0.007055350303499295,0.013393682466476623,0.7407444369335008,0.2185508534924958,0.016394515354937893,0.00019159333290604506,9.737555454377965e-09
ISIC_0062838.jpg,0.004854644752936104,0.5327182961669438,0.08414795887591904,0.0011214177422021717,0.20206860026367338,0.17414942348486917,0.0006283564954466914,0.00031130176382898053,4.541805908947103e-10
ISIC_0054037.jpg,0.0033155466366698925,0.14751519062438406,0.015070318448903991,0.02583067475667361,0.5453765878452379,0.2540194345551943,0.007830387857653364,0.0010409507135924984,9.085616902884702e-07
ISIC_0066049.jpg,5.728161638060322e-05,0.000393520685165035,0.0003353823022241413,1.0561144531056114e-05,0.9944585074360424,0.004636678202455122,0.00010265687642907042,5.190698154919467e-06,2.2103861766516895e-07
ISIC_0035438.jpg,0.00011957579603129528,0.016160452063420597,0.050299111993502565,8.938041607627042e-06,0.0017995397528920033,0.9308206890437497,0.00038806426828576055,0.00040362572447859795,3.316031945544454e-09
ISIC_0069172.jpg,0.00025012344817264536,7.737126238992718e-06,0.00033136171790309284,0.01671235188641809,0.21413331231363458,0.7679028605407939,0.0006443886192539514,1.786434757867222e-05,6.080202068633722e-15
ISIC_0061805.jpg,5.517394951152775e-07,2.0477222349736962e-08,0.9740192569707474,7.581823846732446e-07,0.024126613183955883,0.001852134325352505,1.341331424722807e-08,6.510319609792726e-07,6.755668390156673e-10
ISIC_0035314.jpg,1.1067648302479802e-05,3.123054646475072e-08,0.0007529035757932686,1.4114018562891359e-06,0.03754506997548364,0.9616820107172454,7.398042250840849e-06,1.0740726884156993e-07,1.252691343518828e-12
ISIC_0071965.jpg,0.3433918686681005,0.000107666335857021,0.1127105251947716,0.021457747428827077,0.43478464436410785,0.08066488312716029,0.006811805462863953,7.085504381194718e-05,4.374499677334889e-09
ISIC_0055575.jpg,0.01771035820667896,0.000227780391318396,0.09397385562570869,0.0006344396205385275,0.7684956668902574,0.07895436103893581,0.02387630302766948,0.01447034803682827,0.0016568871620644483
ISIC_0062613.jpg,0.00022314064364952878,0.00028456936334811953,0.0021299374915165477,0.0008181743879196778,0.17518813420377524,0.8208817990745337,0.00019649682680281054,0.00027772108770062934,2.6920753827941987e-08
ISIC_0035444.jpg,0.00013425079936305886,9.577885681651039e-06,0.012819060871207731,0.00010260108522761838,0.20283180096897072,0.7840182463281918,2.3605487803116302e-05,6.080881536959147e-05,4.775818461265266e-08
ISIC_0067702.jpg,0.35861228627795777,0.00750119976186115,0.1997117689073263,0.008956372545638705,0.4012086461936594,0.010721512301427646,0.012910098485750319,0.00037810019155336624,1.533482538525589e-08
ISIC_0056123.jpg,0.09386375028153462,0.7138924608536218,0.12089219143572862,0.0145993512067492,0.0010715433360666924,0.02419469178099748,0.030215855646839453,0.0012699766235080535,1.7883495398186576e-07
ISIC_0056593.jpg,0.0003561446031914637,0.00026192506256812276,0.002380373204441566,0.006130140600812018,0.0498967062748121,0.9397639832151012,0.0007378686862242513,0.0004727333684694258,1.2498437996822113e-07
ISIC_0068301.jpg,0.627262657614384,0.33787100124191055,0.007240187212028169,0.0002445997303072963,0.0006060228556498892,0.001334589378548472,0.025247454566593767,0.00019346927440988152,1.8126167882198307e-08
ISIC_0056283.jpg,0.0006449270809056011,0.0075147451527335036,0.0014881793060364068,0.004204517376359919,0.7687010948163667,0.2118657567115497,0.0007682555513568153,0.00481252396228029,4.241112931545502e-11
ISIC_0055632.jpg,0.08310843004862922,0.8092773113853333,0.01119921179457587,0.002111841683802957,0.00045082933018192594,0.005552132141531597,0.06734060675910734,0.011117548285014541,0.009842088571823351
ISIC_0058382.jpg,0.0003725322249030336,0.03347133157957549,0.0066442458987533825,0.00044972652049545805,0.13996238721427565,0.8148677226020623,0.00275817246202069,0.001473881492685487,5.228420355595111e-12
ISIC_0063468.jpg,0.39101837991596633,0.49620857039106175,0.026384173976110353,0.010930453738658452,0.0008424416401808934,0.003935557222815177,0.06599694515718178,0.004683446803093514,3.115493189789685e-08
ISIC_0069751.jpg,0.1822671144753638,0.434451729462594,0.0001888695162399855,0.0007527613853632891,0.0001348631941246074,2.5746595623005535e-05,0.3820860303271557,9.285296290386053e-05,3.20806317932909e-08
ISIC_0053730.jpg,0.000626570188846116,0.008701603350370304,0.0006257955896193079,0.9887643221027552,3.1212546097425335e-05,0.000256639142764958,0.00035626702938496203,0.0006375860869124402,3.963249156483439e-09
ISIC_0057689.jpg,5.029922510367883e-05,0.0013183101969344586,0.0004101387283188217,0.9380700873423745,0.03989155767830108,8.063615335661024e-05,0.01781027864472723,0.0023686917775011924,2.5338238040573495e-10
ISIC_0064891.jpg,1.287470137327944e-05,1.864736767813774e-05,0.00023989191401895912,0.0004312685480790733,0.8909563167238302,0.05562325280448268,0.0005815782766189159,0.05213616949894829,1.649704053159479e-10
ISIC_0053794.jpg,0.00017050877278333373,7.541827909015087e-06,0.0018279411233583381,0.0002026686346490314,0.0486638763894406,0.9490553316681196,2.6506833435454057e-05,4.5621622890706905e-05,3.1274137633731663e-09
ISIC_0036014.jpg,3.984924073673942e-07,1.1521694490385781e-08,0.0020035371902726975,1.1441804875681728e-05,0.001104336086005253,0.9968439869902669,3.064100359434732e-08,3.6235056313251786e-05,2.2217160882350212e-08
ISIC_0035337.jpg,3.9085591547774675e-07,4.1632442384536627e-07,2.62031723221504e-05,1.2683385948567128e-07,0.007119768252202946,0.9927745156792828,1.3672014976767122e-06,7.721168049431361e-05,1.3616857925602258e-15
ISIC_0064434.jpg,0.0007841313397096058,0.00013304168486189802,0.007485279959991721,0.00019869531816484276,0.15352256319663732,0.8360513358820223,4.7551611805221e-05,0.0017774009922301758,1.4576921465309593e-11
ISIC_0069814.jpg,0.0008934297779693254,0.2847453930142847,0.0030255017129721404,0.7042352434130154,0.0009681188190615701,0.0010470931513791052,0.004989459994805601,9.576003295695917e-05,8.355516692955624e-11
ISIC_0065164.jpg,0.061734994366108215,0.6702231001857168,0.0023289185978642994,0.054489448527389156,0.00942334417714209,0.0016044522236457342,0.15096020402310142,0.049234715506084534,8.223929477493583e-07
ISIC_0034321.jpg,0.0013183786725942189,0.07866310750680115,0.045756232676477125,0.009659983619005379,0.200592550198793,0.6482107728562859,0.015136025738656612,0.0006629225375001499,2.619388650571921e-08
ISIC_0034909.jpg,0.0016856513557722066,3.0303099005491686e-05,0.14362324119709538,0.02015534358483348,0.08972617378107971,0.7435522955699907,0.0003322146148642315,0.0008871872835654151,7.5895137933989e-06
ISIC_0055019.jpg,0.0006201574918563678,0.4356400282908003,0.0005214915382760687,0.02188094697595651,0.009177859792661672,0.002081869571756528,0.003260669486057322,0.5268167166831733,2.601694618690701e-07
ISIC_0059971.jpg,0.7363938572472353,0.18561869795734093,0.03646303221390396,9.74746892598665e-06,0.0002213409774694179,0.0013706288268413326,0.03992174963857089,9.456683378719202e-07,1.3745213604549079e-12
ISIC_0071974.jpg,3.12162776849045e-05,6.548677060591457e-06,0.9998639217812358,5.045395065891631e-05,1.0512787064298163e-06,3.880889394548501e-05,7.989962710979934e-06,7.263389303447627e-09,1.914607629451407e-09
ISIC_0060715.jpg,0.0026208409444396525,0.6055311238077994,0.002897486189430996,0.017905811022908554,0.027162243172792276,0.33567763514989135,0.0038511678457821045,0.004353691499656933,3.672987464433885e-10
ISIC_0071100.jpg,0.0006175863970180624,0.9983800612138329,0.0002280398547631757,4.2224485167548925e-05,0.00010797575559975336,0.0002117616510325483,0.0004007395341348255,1.1607897901915222e-05,3.2105493549180938e-09
ISIC_0069721.jpg,0.00022008835364460165,0.0008304243714454001,0.0020149574002519435,0.0012087103457849347,0.11098880953762161,0.8838519516769251,0.00012148468036924195,0.0007635736335464368,4.1066949242927733e-13
ISIC_0056985.jpg,0.04765345672370518,0.1730265787240255,0.02639285090898238,0.020215104162615884,0.15390447505481106,0.44657534790599335,0.03213307117288645,0.10009778325813651,1.332088843686786e-06
ISIC_0059780.jpg,0.00042314374464719434,8.33923255972168e-05,0.020097349802163593,0.0027036562680453195,0.3281918858065758,0.6469540097591279,0.0005411188636388752,0.0010054434297331186,4.709467856360089e-13
ISIC_0069075.jpg,1.6125850681033165e-07,0.0001867942859834343,2.2690171196060276e-05,4.4471933395230656e-05,3.875704262986137e-05,0.9973103801853506,5.965172904565277e-08,0.002396676104312415,9.366896466142315e-09
ISIC_0034501.jpg,0.0012518080401556161,0.00026642141751442893,0.43323994331331706,0.0022970094655678937,0.008582535800289491,0.5536738376960655,0.0002904929996973895,0.00039793861220291875,1.2655189834203673e-08
ISIC_0065205.jpg,4.029797825694844e-05,0.9995931477261742,1.8935658481925996e-05,2.402805498738458e-06,0.00020013203719565975,0.00011055024273895284,3.4505365746069196e-05,2.812049278161647e-08,6.541456867410613e-11
ISIC_0062676.jpg,0.43502172993669996,0.006885451715417995,0.17482424765122834,0.0031427676055821425,0.12244499810169532,0.09452949096247462,0.16289845878847445,0.0002528335089209844,2.1729506102122155e-08
ISIC_0054098.jpg,0.0006574966839991961,3.820713887680083e-08,0.00017799348820510686,1.1344453057967632e-07,1.6562532083761008e-05,1.462493904942159e-05,0.9991331533323546,1.4528703211766302e-08,2.843935220835475e-09
ISIC_0035962.jpg,8.385831686613953e-06,5.053144639616553e-05,0.0006304187105082359,0.010278743412871503,0.12890157619488435,0.8596574511755575,0.00047181882635480754,1.0659855154829605e-06,8.41622538992393e-09
ISIC_0069829.jpg,0.001065719041160807,0.00020338445657894604,0.005352907393437529,0.0017643723697783051,0.07432855599457565,0.916881243739879,0.00023484448295616505,0.00016897252124780586,3.857355148282889e-13
ISIC_0054188.jpg,0.0020059770633618257,0.00047795916382461893,0.026089690035213668,0.0011011600853021736,0.3164648780274441,0.6504167001577973,0.0026694623293077955,0.000774173136772235,9.762622866887612e-13
ISIC_0072191.jpg,0.010391076707203193,0.8555334955185049,0.0002676091553429176,0.12610829440465954,0.004605046986065497,0.00010791339972355037,0.0025066690594539036,0.00047987751282108256,1.7256225586873257e-08
ISIC_0055298.jpg,0.24908446781750382,0.18161739413785985,0.026075794520295934,0.001890974438478238,0.40448878606280286,0.004477862478936696,0.09456635887958213,0.0377982998731588,6.179138156685008e-08
ISIC_0059117.jpg,2.613762316557457e-06,6.245688728448123e-06,0.0005430236429759585,8.491422352055869e-05,0.03195052960127428,0.9659624480570494,4.006472303629488e-06,0.001446217634264702,9.175664422884431e-10
ISIC_0053912.jpg,0.004461789286405804,0.00014062486876303398,0.005248312104034316,0.02625468923561409,0.4683766155530054,0.49318142764300354,0.0022350615795443144,0.00010147972791319511,1.7161985225782327e-12
ISIC_0068031.jpg,2.2836000066897053e-06,0.059254955881151566,9.617367182319266e-05,5.77123464686621e-05,5.0840596989677915e-05,0.00015779874272903077,2.3952477150672124e-06,0.940377839906014,7.102259361261639e-12
ISIC_0035127.jpg,0.009584723049523243,0.00019661553355968775,0.6382068037720211,0.0005047017815049971,0.02553242985055436,0.03433756264161142,0.29039265259728503,0.0012445002631558929,1.0510784404701641e-08
ISIC_0034369.jpg,2.702310644079257e-06,2.735207029748299e-07,0.0012164107213090362,0.003151386890451944,0.001477649932604817,0.9941504847432016,1.0064975794783373e-06,8.53834751331847e-08,3.106794430736136e-14
ISIC_0069688.jpg,0.024923784673575356,0.11687630327086393,0.0003496386910943022,0.0024904329907991366,0.001317438272964144,0.0010433997603255447,0.8529823744903167,1.6577878899514657e-05,4.997116139266713e-08
ISIC_0061106.jpg,0.048241712956385505,0.0002166020900204363,0.6614930762361312,0.001522003368627644,0.22693944809545613,0.02502766159917264,0.03651366373289687,4.582988776245787e-05,2.033547222417438e-09
ISIC_0055387.jpg,0.9999096282653396,4.2776234393686327e-07,5.882456223504382e-05,1.0800275464513686e-07,1.946958679573301e-05,4.6614982514813413e-07,1.1072947762635256e-05,2.7229431919224427e-09,5.2345149062961014e-20
ISIC_0056783.jpg,0.023067454029271465,0.024394643041332816,0.09304544439927553,0.007651766048368564,0.2317642870769951,0.6047653112795489,0.015218883634899281,9.221048959541174e-05,7.127627214736149e-13
ISIC_0058247.jpg,0.012178296790922827,0.07908118389877793,0.04559703874159457,0.1184483462354994,0.37643247390036016,0.31786949822986904,0.026760290043011038,0.023632871357601015,8.023641830785681e-10
ISIC_0063370.jpg,0.8088115646810285,0.16271710943004944,0.010039577594069926,0.0003943874881699179,0.0007728921998679522,0.006522172635519288,0.008265912957517274,0.0024760790970303074,3.039167473804679e-07
ISIC_0066309.jpg,0.0006690360136991171,0.3443944398446592,9.198190872624794e-05,1.2231430131641893e-06,0.6372375336033291,0.00019162493794329255,0.015328490864218206,0.0020856685690672683,1.1153444408147515e-09
ISIC_0070482.jpg,0.02016422619987395,0.6195420530310255,0.03454878055204044,0.00037001953617871614,0.009416165567444445,0.019798116908875157,0.2959951125227341,0.00016552548127590465,2.0055187357634294e-10
ISIC_0059332.jpg,0.03148525824049782,0.0009626531115869473,0.1078280665038974,0.0016442986197586905,0.7103562794460511,0.1462412786537873,0.0011196531832861425,0.0003624907555619228,2.1485572674230458e-08
ISIC_0059224.jpg,0.0024785850786462815,0.004869942510643169,0.018736057040082976,0.0019630528039841647,0.5866730201361188,0.37120787421144896,0.008013403669118369,0.006058041828022872,2.272193439423058e-08
ISIC_0071971.jpg,0.06566447044911834,0.447911443015577,0.1967707206844104,0.07959250819327496,0.008270107742428765,0.18263910589458465,0.015801153646463513,0.003347657154013214,2.8332201290689166e-06
ISIC_0069018.jpg,0.07360480262152824,0.3614839817348657,0.05354139377776608,0.0241230671174102,0.3183991148535407,0.14610875713706634,0.015037829204959576,0.0077010531143183285,4.385448724053759e-10
ISIC_0061856.jpg,0.01133843769778479,0.004626037008349052,0.07003697829538334,0.8489845566277561,0.004763571264685997,0.056245061990705614,0.0024171271751954834,0.001588229915318648,2.4821188395361338e-11
ISIC_0072560.jpg,0.7968765226953141,0.17774730787949483,0.018254445844230464,0.00034900219032299955,0.0019213882822219403,0.0025742579743177336,0.0021501064633593597,0.00012696690406598235,1.7666726026780616e-09
ISIC_0060816.jpg,0.003473604694272615,0.003580038756125836,0.0013466507147908465,0.22867191752363528,0.03799823050209668,0.003657074994920768,0.00020010534674846643,0.7210720782004812,2.9926692820021596e-07
ISIC_0054742.jpg,0.9056774774016672,0.0018840952457402265,0.046644214106673125,0.00017363903124093847,0.00876134550841898,0.001701870361591394,0.004710137541850757,0.020045408745119814,0.010401812057697732
ISIC_0068431.jpg,0.12227485186598658,0.005057953561878307,0.03671764379269922,0.00042088476066750127,0.04008014448431897,0.0009713224145272965,0.7930625983134074,0.0005310699981477768,0.0008835308083668961
ISIC_0067224.jpg,0.7212982609897307,0.1823844688988522,0.0007849173731615105,0.004273066568476722,0.0008549094485224929,7.598764305114845e-05,0.09028076388289029,4.74859602039522e-05,1.3923511103738284e-07
ISIC_0065466.jpg,4.270007857263621e-05,5.624590685231669e-06,0.0005927566083625166,0.00015068516064573696,0.9894631309623585,0.008874872442388927,2.6919541833817916e-05,0.00010869618500592508,0.0007346144301467884
ISIC_0063671.jpg,7.315706408479525e-05,0.00044744537735228677,0.00011164739272555848,0.005531355223199831,0.00034122707211469593,4.7138607531777585e-06,0.9934032773022661,8.717670662575779e-05,8.777993999413848e-13
ISIC_0058479.jpg,0.0037571376030717846,0.8940636886437006,0.03531290478238469,0.0005104194546095154,0.0035246255545747815,0.03447783649192116,0.02800122553025801,0.0003521618595661741,7.991336616911841e-11
ISIC_0055750.jpg,0.438029692473055,0.01578910395866741,0.13130798530068802,0.001070452533294933,0.01708819598343088,0.0013450724964256435,0.3926871927687116,0.0017120363395962312,0.0009702681461303514
ISIC_0034598.jpg,0.00033376836954507344,0.9856529496390035,0.0007904629329004243,0.0005638066815337225,0.0003823407020758826,0.00010561418953055101,0.012156583219070326,1.3649937704164446e-05,8.243286361056828e-07
ISIC_0055045.jpg,0.188880855536371,0.024376166434363654,0.01834138180368826,0.004039982835534608,0.013007968978317564,0.007073528627245352,0.7433335231766068,0.0009465902892542296,2.31861855003703e-09
ISIC_0057603.jpg,0.002917349885264549,0.003085954665751004,0.0016220870340814544,0.9838943934719269,0.0001413384406270457,0.003922160701996751,0.0013192921168120135,0.0030767300713544212,2.069361218596589e-05
ISIC_0066280.jpg,0.04068416789719262,0.26940990180742463,0.015292942251171358,0.38543940289541745,0.032394737393163626,0.05777366890607625,0.11674156905573263,0.08226357812093768,3.167288381058788e-08
ISIC_0064479.jpg,0.04144343700915178,0.5290685392262298,0.03702703920722172,0.19375842012927175,0.0013141337829380157,0.008249292994492783,0.002866431640296501,0.18627252021001794,1.8580037976548721e-07
ISIC_0057796.jpg,1.7591927258726756e-08,3.617297897995134e-06,6.754606465781187e-06,2.990859345498545e-07,0.9999287354769406,1.172172034945526e-05,1.399103076362146e-06,4.7455090284140257e-05,2.7123778248312255e-11
ISIC_0035020.jpg,1.507538194584008e-06,4.204373944709657e-06,2.4144967316758e-05,0.00018278493046350647,0.0019564838487735104,0.09139408819264419,7.385816245874681e-07,0.9064360188025568,2.8764481309403473e-08
ISIC_0054821.jpg,0.04545120470676173,6.265057453814244e-05,0.03112739024087895,0.0023241090687483703,0.34320449046955587,0.5743704009203421,0.0010808713555444359,0.0023788616359571016,2.102767318514229e-08
ISIC_0064880.jpg,0.8811148885133211,0.05740559837337736,0.04860180534269657,0.0016238340766013054,0.00023283403995596512,0.0002325531524340888,0.009747368599662848,0.001040984170459126,1.3373149164882565e-07
ISIC_0034512.jpg,2.964272736213861e-07,1.9568179888872644e-08,0.0010706881429571496,2.4482781113288968e-06,0.0008334745372176699,0.9980715338885716,1.308125084890256e-07,2.1408338363823162e-05,6.816533785108127e-12
ISIC_0061383.jpg,0.004981224209676918,0.16049617770519545,0.3224962964714922,0.007880518122620424,0.037973129136712115,0.444577648838913,0.014884813150937126,0.006710182461426344,9.903026397364534e-09
ISIC_0055544.jpg,0.18277258607098754,0.00029246895325091504,0.5970260165107092,0.005567093568650865,0.21344086436536397,0.000749053948707599,0.00013172849992057232,2.012011911984656e-05,6.796328941048467e-08
ISIC_0036038.jpg,4.1963624672240656e-05,1.909056640996738e-05,0.0008773034232921833,0.001331961917938853,0.344099645995051,0.6535175201776624,7.44690914015079e-05,3.5627284506565005e-05,2.417919065362197e-06
ISIC_0068020.jpg,0.061213347483244,0.0008518711029528472,0.8760893761022573,0.0016889704178124282,0.027667724148936,0.0013451463291066145,0.030971737058631755,0.00016097696086118392,1.0850396197886528e-05
ISIC_0055152.jpg,0.01972931046431044,0.8805238460669137,0.01963186859379867,0.031410208260060114,0.0009954581982326218,0.019827519790389127,0.020233889372911668,0.007647824828109322,7.442527432339905e-08
ISIC_0034866.jpg,4.367516005712891e-05,5.5937952850873145e-05,0.008276453435523988,0.0005295927258348,0.0044559821469861306,0.9857100486220892,0.00084141112886698,8.684875375353653e-05,5.007403738185121e-08
ISIC_0070590.jpg,0.5302246203547871,0.0006037366400780308,0.2378885623144287,0.006547929791539117,0.15650232357156324,0.06446638262077359,0.0033694685816961,0.00039697459800624063,1.5271277915390967e-09
ISIC_0071027.jpg,0.4489873166233078,0.06589596749156175,0.06169487763263961,0.21569243660178689,0.007804563318546494,0.015486811624940354,0.17353025907147515,0.010901006953387709,6.76068235434738e-06
ISIC_0035963.jpg,0.0004356136292988657,0.005869591216574479,0.05312118190273373,0.0002468093999070487,0.22978052372460378,0.7088030161704761,0.0016539087320476098,8.934586450145896e-05,9.359857005418958e-09
ISIC_0057831.jpg,0.07442462822807919,0.4036877650369698,0.20291979664231383,0.08307461016211273,0.005446501099383141,0.03709808337659866,0.1931427434269366,0.00020088538837841405,4.986639227729247e-06
ISIC_0071970.jpg,0.0021199600807885375,4.9707952792299055e-05,0.005540674235581592,0.00022847010406182812,0.333703977894735,0.6577859388197494,5.6913594065742625e-05,0.0005112721631934065,3.085155032108733e-06
ISIC_0035456.jpg,0.0010835220412414302,5.578742199330171e-05,0.044636221882426,0.00169154077169895,0.047783356616465315,0.9033983026825231,5.723682670515346e-05,0.001294021693795224,1.0063151505416153e-08
ISIC_0066032.jpg,0.06021329442452912,0.43178871400472796,0.013719062431590982,0.004059897929865634,0.0007513267283148905,0.00034504191344227335,0.4890422307532743,7.747204735336623e-05,2.9597669013947768e-06
ISIC_0035446.jpg,0.013091020703312575,0.02822894808948015,0.13080615380112967,0.006926779409537991,0.0067082491250208065,0.002054224562638243,0.7865228949410572,0.025659215553524784,2.5138142986356266e-06
ISIC_0035764.jpg,0.007477787569819308,0.0013444619403180963,0.4076047544106186,0.006525638100940442,0.28968899735376064,0.2407589355740844,0.035651903148767615,0.010937472992781121,1.004890890977856e-05
ISIC_0059051.jpg,0.04071318673142472,0.05327227054519844,0.09270436778182216,0.01666581900179172,0.1374840264402236,0.6399275020318606,0.0043047719195075124,0.014413679877307671,0.00051437567086344
ISIC_0068888.jpg,0.005116689743047625,0.9799424145155369,0.0016763246219873857,0.0008509088211989705,0.001179915091191952,0.009570804190413926,0.0015489244527240324,0.0001138915531029143,1.2701079629676686e-07
ISIC_0062004.jpg,0.00206085481504912,0.00032837176848928245,0.08700171856586032,0.000519426795746361,0.15917690830450237,0.7481123245773038,0.0020350418524307918,0.0007652118589963504,1.4146162168408424e-07
ISIC_0034767.jpg,4.440031621920929e-05,1.8991956390072575e-06,0.009983021650380855,0.009137821931251414,0.014560311208266839,0.9656707312449252,0.0003309133743990938,0.000270872155028699,2.8923889673435724e-08
ISIC_0058963.jpg,5.608885948066603e-05,1.6797994544778528e-05,1.8596380943953224e-05,0.999821409817871,1.093353434894746e-05,2.922079883695483e-05,2.201420011767255e-06,4.475118061099742e-05,1.335094134288019e-11
ISIC_0034864.jpg,3.835173785481532e-06,1.1925321340079314e-07,0.0010074262958451718,0.00013255520690457246,0.08431239513535278,0.9145394240695447,4.07175544628858e-06,1.7309952337358489e-07,1.0384103545600474e-11
ISIC_0062720.jpg,0.07741945805319084,0.0002015996621488792,0.2603785361767686,0.00015796982672827196,0.6146246318950426,0.046248860084405145,0.0009555074488965164,1.3397828061415102e-05,3.90247577308927e-08
ISIC_0062947.jpg,0.014266560067499117,0.8605665112779679,0.02991717230183858,0.00026824695957506706,0.015423113504681178,0.06075205153360579,0.017051310129606312,0.001754908354540722,1.2587068542099538e-07
ISIC_0059978.jpg,0.004795412628005423,0.0021721075170700477,0.00661646939689793,0.001069443553139578,0.9764234876843481,0.0036539541975389505,0.0051171765373016175,0.00015185641424909148,9.207144927673075e-08
ISIC_0070407.jpg,0.004602781561668507,0.991810936517308,0.00047416120732555014,2.5920953630417125e-05,0.0021002600364158366,0.0004038092942563469,4.7171136837281285e-05,0.0005349588262097333,4.663484436981296e-10
ISIC_0035247.jpg,1.9258174827906846e-13,2.3237146605513916e-10,2.2841408929973715e-11,1.2495378372780906e-10,1.8793288256146315e-10,5.314946519691555e-09,1.1680325984117596e-12,0.999999994115004,5.893862724710537e-13
ISIC_0066324.jpg,4.2141272790483e-09,6.39636083716674e-08,9.79359396250992e-07,0.00036938594325892324,0.9990132030899812,0.00055640856325377,8.416935994657255e-09,5.9946449428267454e-05,9.980601374933927e-15
ISIC_0034833.jpg,2.2142408853636035e-05,0.9993880127721455,1.3532857327857739e-05,0.0004931166897636633,7.615705127668996e-06,3.724739935503159e-07,7.506128332391415e-05,1.4579836910707855e-07,1.1095308295437209e-11
ISIC_0058076.jpg,0.0008786124316339942,6.823806277333123e-05,0.012838836496494779,0.15762982435278233,0.03704485862622547,0.7907062401088174,0.0005433187254459927,0.00029007076553861776,4.3028807176319643e-10
ISIC_0034813.jpg,0.08186908026515838,0.0008711382645536502,0.30838076139513626,0.009753522194876284,0.51151726451686,0.07787923217506594,0.009126177309662895,0.0005992637122200995,3.560166466488861e-06
ISIC_0063870.jpg,0.013057399890982301,0.0006853481292801509,0.041829239913949316,0.00024326565813528867,0.24216741985862827,0.6794536673698793,0.022524083581088414,3.95755977911597e-05,2.657131349340438e-13
ISIC_0063249.jpg,0.0033031623574834666,5.309615497902422e-05,0.03527439131539749,0.0022341008885021934,5.015525448773958e-06,2.792900243272979e-05,0.9590992184231512,3.086160727247417e-06,1.7187785553581181e-10
ISIC_0056481.jpg,0.0032840237999948695,0.0016792162367909576,0.011038393937588672,0.016558206127390368,0.20101576721768247,0.7616887622739077,0.003367759401874552,0.001367870503405555,5.013647375656169e-10
ISIC_0053837.jpg,0.7280501366895991,0.13352641678193597,0.08694112996262315,0.0011856208907851176,0.0009503200650311917,0.03110301324028268,0.014872421332060059,0.00337069904403606,2.4199364668991247e-07
ISIC_0069568.jpg,0.00010026627793191748,1.960855716276086e-05,0.00068187845440753,0.0005438293761594224,0.16694594288317932,0.831474761101638,0.00020911764408719526,2.4595693686522917e-05,1.1747366638891669e-11
ISIC_0056394.jpg,0.05327096084135644,0.25033808582825634,0.006173318359894646,3.990157605645416e-05,0.544838268685112,0.00037337014904774,0.13985048856099003,0.005115605141918103,8.573682500797274e-10
ISIC_0068261.jpg,0.8656337128953442,0.03970363627163926,0.05247403352749758,0.0025290495374030437,0.015241336617760398,0.0007658178771687132,0.023278943024246265,0.0003657783095376635,7.691939402876205e-06
ISIC_0035901.jpg,0.020600036457402802,0.04822769434195871,0.057654478950896516,0.02947717422874232,0.1735434286898991,0.003634471228326597,0.6665532331169567,0.00030948172715781314,1.2586594710857422e-09
ISIC_0058881.jpg,1.983821922628129e-05,0.09963219471330843,0.00031283661831912527,0.0006014140469486084,0.3873410168943106,0.0011817668440414094,0.0029018680983691814,0.508009064543842,2.163430524236303e-11
ISIC_0035596.jpg,4.002784897481298e-05,3.4128792576560036e-07,0.00941811003658934,5.5342087399394796e-05,0.054958661863751306,0.9354862622169884,2.2506034115622573e-05,1.8748355330964536e-05,2.6892439559418397e-10
ISIC_0035182.jpg,6.925425233077518e-06,4.285414912936349e-06,0.008403985814260887,2.157048052229501e-05,0.000791033384058237,0.9907628566342218,6.918409608902547e-06,2.4242467058108586e-06,1.9047593099563642e-10
ISIC_0056001.jpg,1.6087465536473677e-08,1.7711403059371145e-07,2.16644975740084e-06,1.491749817496013e-08,0.9999932333431553,4.303760556116145e-06,1.035844098206455e-08,7.796909147300596e-08,4.546761673955093e-15
ISIC_0070428.jpg,0.007658529533221795,0.005439511295990456,0.10778250800288744,0.007633094822376664,0.6685781656234447,0.16463617891856902,0.016625746052795973,0.02160510421577799,4.116153493577984e-05
ISIC_0057632.jpg,0.06865236280773362,7.823717060064952e-05,0.20919351514279635,0.00022822511610841987,0.707212735339973,0.013811640601541957,0.000813066727777894,1.0193656331717365e-05,2.3437136429058147e-08
ISIC_0063780.jpg,0.0018822518188317961,0.052124379630094905,0.2681154733236047,0.029478415252724353,0.02074092743010951,0.19538329519875489,0.005530186917609438,0.4267450703450934,8.317709440189201e-11
ISIC_0055002.jpg,0.0001307395085055932,6.09579685206302e-05,0.004750335083874422,0.0012046104952282014,0.9817441829465559,0.0018913880839968374,0.00962861138489686,0.0005863269100082921,2.847618413185216e-06
ISIC_0057284.jpg,0.05874196185763282,0.0017045208540641375,0.01761571613183918,0.6956605813878894,0.0034565870999868752,0.0011624911319952154,0.0008591235512007236,0.22079675639437724,2.2615910145715964e-06
ISIC_0058870.jpg,3.6172965601037786e-05,4.7924081007697744e-06,0.0011389780993656356,0.0024904737647872097,0.10076497673724409,0.8954153008894645,8.033330603285854e-06,0.0001412717715855067,3.324778373897406e-11
ISIC_0035983.jpg,3.0318423635132812e-09,1.2741311480330605e-11,0.016915235755311165,9.959807217638126e-05,0.000213742825327476,0.9827334527909068,3.01760484786626e-09,3.7964494089500194e-05,1.2600935283146317e-16
ISIC_0035652.jpg,5.96413082149648e-05,4.097805854158928e-05,0.0007357885763787281,9.028620614167228e-05,0.051443760434016834,0.944182646062757,4.365216874016671e-05,0.0034019302880647327,1.3168971442209666e-06
ISIC_0072300.jpg,0.015712395027983057,0.0710611334945031,0.04306739442588752,0.001448104160567341,0.06624372090254818,0.7387670365203405,0.061121857618617034,0.0025783076885239394,5.016102938169004e-08
ISIC_0070839.jpg,0.007406224714558354,0.0024468894515895213,0.016982844201074036,0.0014918358951302962,0.28377373687739593,0.681594417270171,0.005906952175344508,0.00039708903410639777,1.0380629958524405e-08
ISIC_0071526.jpg,0.07855732312816772,0.7013071930045821,0.048880136693485385,0.12936876251070709,0.003947902706252722,0.032977856008521954,0.0045946371383360765,0.00036459520164734325,1.5936082996798998e-06
ISIC_0063959.jpg,0.00973076370941364,3.154012783366564e-07,0.00015049466062161133,2.7195887816296015e-07,0.00011134469247072766,1.6888122566769583e-07,0.9900055478426921,1.0922269548391698e-06,6.264650139301805e-10
ISIC_0056628.jpg,0.45392133110495875,7.184192617428067e-05,0.008562667362472456,9.187095856646106e-05,0.5354903130103034,0.00014599497399654906,0.0017155345524357418,4.461029660756773e-07,8.126478488408451e-12
ISIC_0035381.jpg,5.147445270731579e-05,1.0589232849097027e-05,0.0738664418666587,0.0007578599116753005,0.03615876034705406,0.8879558215769208,4.759869777578583e-05,0.0011514195534960902,3.436086295283555e-08
ISIC_0035920.jpg,0.002171402455071515,0.00448044383091302,0.09997918395774227,0.001945109996225563,0.7159471935715068,0.16597599670867072,0.007883810043914221,0.001616848244837526,1.1191118158017099e-08
ISIC_0068518.jpg,0.849260002014371,0.12809746982021022,0.0023451340868446088,0.0006910021534488027,0.0027174441243463005,0.0002967023048663967,0.011340803221485733,0.005250994808124056,4.4746630287918817e-07
ISIC_0066677.jpg,0.4803230800065265,0.4940014790155596,0.00481637015804195,0.003176779941284128,0.000968548856779066,0.0011531254574474504,0.00970731398219049,0.0058532847700565604,1.7812114367431095e-08
ISIC_0035819.jpg,0.000512252332558504,0.00011310566033944311,0.10661900180108454,0.001022388821745265,0.6451745173248857,0.24377306316371597,0.002194539193381435,0.000590962942087997,1.6876020130790603e-07
ISIC_0035158.jpg,1.830760666064216e-05,1.0229332673854214e-06,0.0029150595960355783,0.0001468533358622043,0.0006594130876274321,0.9962275788745552,3.1692714643733575e-05,7.185132442046916e-08,2.3293607254694745e-14
ISIC_0058438.jpg,0.03248641732272317,0.5782793756318252,0.03958597354460632,0.005737377802300008,0.016624763809970262,0.04343380424105664,0.002841463951807442,0.2810100512130863,7.724826245943501e-07
ISIC_0073192.jpg,0.1842282029203963,0.17990732569255613,0.05910492589060057,0.00029039957170532544,0.0075813768222795334,0.0008910487928167855,0.5679962579740142,4.6225894690869197e-07,7.668422206177362e-11
ISIC_0070402.jpg,0.02544467919091973,0.1394986894172824,0.0092774627441328,0.029306713496257783,0.1050664194566214,0.0034956956884616215,0.07633735876409072,0.6115370389506294,3.594229160413134e-05
ISIC_0054769.jpg,0.16167738682674176,0.00489806584132887,0.7278354188647108,0.0016751749563966587,0.05118891801843124,0.00926646675182142,0.03170447910994512,0.011683698037200188,7.039159342406775e-05
ISIC_0060647.jpg,0.23059503093253844,0.68139441855354,0.018427150386234825,0.00720360224517001,0.014391564495322993,0.010124614391196577,0.03724209612030473,0.0006215159780886598,6.897603791124652e-09
ISIC_0059610.jpg,0.05026673204545778,0.6007430335481129,0.0012540048689161389,1.997454505906126e-05,0.0030184498604328043,0.0006732665359405352,0.34400718756801635,1.7345920428614796e-05,5.107635992720778e-09
ISIC_0056006.jpg,0.003454221314433162,0.8293854956750678,0.03915191328379719,0.0006662404877098565,0.00019898717520126078,0.016453234255069303,0.11060505352667492,8.485428181138288e-05,2.349888688887525e-13
ISIC_0034899.jpg,0.0009476593770606633,0.9742154800175877,0.005509845114908353,0.0019261009369838378,0.0025761173452847493,0.0026917180733598838,0.009032633545179114,0.00310044493004901,6.595866087309922e-10
ISIC_0061260.jpg,0.2615412183341592,0.2691448308933617,0.009686945469603168,0.0863297170291719,0.011029510292361822,0.0009920489664554835,0.3605272377164999,0.0007364559367609539,1.203536162586465e-05
ISIC_0064366.jpg,0.0026162375780929845,2.0108676200668672e-05,0.09788820658432831,0.00036998498187149634,0.028461409545296138,0.8700658083567974,0.0005457866865380244,3.245751573901313e-05,7.513613603083895e-11
ISIC_0054101.jpg,0.9101250572464037,0.05860204720178051,0.00036023277364715875,0.0014494804296615173,0.0001947192579448936,4.30818070408676e-05,0.029200751655062886,2.462962812565346e-05,3.3282017258776346e-13
ISIC_0070196.jpg,0.49636870168920477,0.0019727432983992015,0.27124125182112796,0.002516449599465521,0.1269801124554461,0.0901263785746226,0.010685979336374843,0.00010837966929455348,3.556064506887753e-09
ISIC_0067959.jpg,0.04171867632047718,0.00465479021389459,0.13839370742323653,0.0975977668122077,0.05751045210969719,0.6546607810608566,0.005019819685538006,0.0004438635457220956,1.4282837013317193e-07
ISIC_0057204.jpg,1.444463222064711e-05,0.005626951197668483,0.0013145947088666263,2.0449548870218952e-05,0.0032202869364954855,0.0014483811900596437,4.684196919188087e-05,0.9883080495415172,2.75109694082656e-10
ISIC_0071253.jpg,0.040753384019753404,0.19289442693314912,0.005297233383436804,0.004680611834988122,0.07782472938711094,0.0023249030142530134,0.6757563727807415,0.0004683348248719457,3.8216952269095385e-09
ISIC_0068638.jpg,0.0578865210459435,0.060736869627278534,0.006788765853062613,0.004522373832647646,0.12057551490150605,0.0022225932130679705,0.7468257473347767,0.0004159607599549183,2.5653431762118442e-05
ISIC_0072793.jpg,0.0002458866360434525,6.225749101349718e-06,0.002592000254872568,9.704744747160249e-05,0.6640371252248469,0.33286448252411127,0.00015437743231998813,2.854729939210604e-06,1.2935596223656141e-12
ISIC_0055380.jpg,0.0002733822767970797,6.864322293312551e-06,0.0014717670979403968,0.00043755274656744937,0.6815822210058439,0.3158678642983499,0.0001730457225675101,0.0001873025228848862,6.7557408741262595e-12
ISIC_0072685.jpg,0.0006391477503539055,0.010470869168490169,0.00028651191576600576,0.8828800189889113,0.00027368409950781784,0.0016118529081613874,6.934507567901695e-05,0.10376856185410702,8.239023357890714e-09
ISIC_0035906.jpg,0.000790002153068693,2.3687516037328634e-05,0.41593160307492266,0.001348365074845433,0.09794786367666845,0.47952522916744283,0.0008278584206395367,0.003605383028026799,7.88834839606577e-09
ISIC_0055345.jpg,0.0006237918152582053,0.002204528820154754,0.01557890516883578,0.024591746003862693,0.07509852909851157,0.010392864448573663,0.002199521054313256,0.8693101130983133,4.921768754539905e-10
ISIC_0069599.jpg,0.014080159725758353,0.041468131335304234,0.0049351555266583715,0.20254257314684973,0.5695041670865048,0.008299086710361968,0.03919718830463062,0.11993611367215291,3.742449177901217e-05
ISIC_0053592.jpg,0.5739824412836748,0.11071522003681641,0.07636349100082643,0.05490624056909406,0.0004106860879942541,0.004111329362588002,0.1795021152871642,8.172617705359624e-06,3.037541365594967e-07
ISIC_0035271.jpg,0.0001251458042650742,1.1154019721910955e-05,0.008216693778890904,0.002079702832261794,0.8811597899068763,0.010541939644932967,0.00045572852741821443,0.09740982480034616,2.068528677511781e-08
ISIC_0034380.jpg,6.99693758607028e-12,2.0399007868899663e-14,1.868405064298213e-06,2.8950056533719062e-08,8.538731932322312e-05,0.9999127131808478,3.7817985058655766e-13,2.1164381144844342e-09,2.0874264910310607e-11
ISIC_0068237.jpg,0.04402558203244465,0.007416997444373847,0.44368881560456674,0.0004768952867883033,0.2979649946390307,0.19175884246209637,0.014062362714707772,0.0006055098028467712,1.3144943420654835e-11
ISIC_0070405.jpg,0.11757892567327988,0.2502647545466704,0.5663906254693648,0.019369605487559022,0.034935251823778546,0.002247228966617956,0.00921062718356652,2.980164206354473e-06,6.849564151708802e-10
ISIC_0062976.jpg,2.300680617238433e-05,0.32887923784679,4.665419728736737e-06,0.00025487380524427666,7.837072484831862e-06,0.011227552114660144,6.229431445207734e-06,0.6595965972690231,2.344513001471767e-10
ISIC_0065934.jpg,0.00036706299605156716,0.00830484503633949,0.003545365799945748,0.0008616889297624667,0.024636209975391545,0.9611176511668659,0.0010355430395244858,0.0001316330551074308,1.0112096256308628e-12
ISIC_0067713.jpg,0.3132433132457653,0.09235445450311366,0.2149952053040397,0.06749314087951228,0.1608695878671287,0.047540406141101256,0.04270201112312849,0.05912890153726094,0.0016729793989495778
ISIC_0034721.jpg,7.507601180495347e-08,3.900723202119823e-11,0.013831182182167452,1.9445931787572242e-07,0.005282359211104663,0.9808861253825074,6.129016714164532e-10,5.769534505268691e-08,5.34163695772011e-09
ISIC_0035774.jpg,1.2456714006534011e-05,5.931513979364705e-06,0.000593093762454066,0.010656787691175739,0.12356519241914768,0.8648952559242409,2.6981024425645376e-05,0.00024430094991713614,6.530076728349929e-13
