image,AK,BCC,BKL,DF,MEL,NV,SCC,VASC,UNK
ISIC_0034321.jpg,0.008308164176283718,0.5289535114416064,0.054569656749367305,0.061538692664682114,0.05851053683319005,0.2119462220663287,0.01955985056181327,0.054862717890882505,0.0017506476158460833
ISIC_0034322.jpg,0.0034614304554090015,0.0026528581409163646,0.027487460082243394,0.04923135451331665,0.023001140199237644,0.8894044627129597,0.0034966937341515216,0.0008888745516748534,0.00037572561009092405
ISIC_0034323.jpg,0.05496361208440078,0.5004122193473787,0.013186344587530976,0.05616599878900006,0.007480717212278137,0.0019687346780160463,0.35515758205732256,0.0105781384050673,8.665283900539823e-05
ISIC_0034324.jpg,0.0019533870273884756,0.0017000932049764863,0.03610983205914025,0.030967522554610702,0.10791171416906666,0.6278561364742118,0.003560333107377789,0.18945586682659565,0.00048511457663221537
ISIC_0034325.jpg,0.0030194892618527857,0.002189052318395865,0.02181900988653686,0.02637179039753998,0.022558336771488354,0.9188618181138803,0.0035613818268339665,0.0014846298717381664,0.0001344915517336052
ISIC_0034326.jpg,0.00913539894195465,0.0014157216472777537,0.8921846065498142,0.0033533107958552185,0.015954226890823677,0.053925046043448645,0.02370868539778481,0.0003189625645956489,4.041168445305989e-06
ISIC_0034328.jpg,0.007551055595534833,0.00578828931497367,0.014206887820362758,0.05425814582571267,0.05232806290330692,0.8411380223977694,0.010304425019576067,0.005428397093089926,0.008996714029673817
ISIC_0034329.jpg,0.005076859792002607,0.006297685159039883,0.2620548065263622,0.02570867968718318,0.5485415482246602,0.09980147937769746,0.024473303307399687,0.028021016103449942,2.4621822204819887e-05
ISIC_0034330.jpg,0.00110475849132056,0.0014170462005265855,0.014304981214313636,0.01373845017870102,0.035413260768320826,0.9237045755706212,0.0024687964802181067,0.006327958029413526,0.0015201730665644886
ISIC_0034331.jpg,0.0034008857385777725,0.0029541934975986367,0.008066743765606869,0.03322038006637973,0.01983242950639033,0.9198000102193635,0.005906191052246222,0.006294729288263325,0.0005244368655735442
ISIC_0034332.jpg,0.1108240274999759,0.046922975240652004,0.0743392454943509,0.17332768682874808,0.03182661300383174,0.03121478938243959,0.522900678111276,0.008304500361529321,0.00033948407719638836
ISIC_0034333.jpg,0.023922864753215044,0.16214099236806154,0.36339643636302604,0.0917290722341123,0.05558312149701624,0.06734807161134843,0.16807179398129823,0.05713341452564163,0.010674232666280536
ISIC_0034334.jpg,0.0015317029418433754,0.0006266628895302721,0.03793139858414587,0.8845413747069509,0.010483953397544871,0.032197874346163814,0.010658085665407014,0.02169651551796381,0.0003324319504500267
ISIC_0034335.jpg,0.0010958966949876576,0.0008864215736453996,0.02194936583352172,0.0235336185416648,0.2680874061761627,0.6830177314232752,0.0007185646255189128,0.0005838813681038149,0.00012711376312002278
ISIC_0034336.jpg,0.0016121678440533871,0.005376947674561965,0.003792569918086887,0.006582727860338124,0.021191911267242375,0.9558257243314228,0.0011398574845323916,0.004387596103363236,9.049751639878709e-05
ISIC_0034337.jpg,0.0012560808240794639,0.001210834869775221,0.007898693946657993,0.010712359435704479,0.035522813080011935,0.9366614192556191,0.0006663211100758418,0.005986690468295356,8.478700978057464e-05
ISIC_0034338.jpg,0.10849268770181834,0.36989928615489154,0.037966677828650326,0.1340424732879729,0.009961162385791948,0.016431669862865306,0.31506868715161884,0.007929048247368273,0.00020830737902254495
ISIC_0034339.jpg,0.0004494768145782932,0.0009528307423035832,0.004444636339486074,0.004488545036327987,0.022185012358181534,0.9324143787743081,0.0005080239628072584,0.03318813254575947,0.0013689634262476795
ISIC_0034340.jpg,0.015495892969370645,0.2576306685885389,0.10451193636461836,0.13000238895386565,0.1237193465478364,0.30495556850406486,0.05699554676181907,0.006588652226036263,9.999908384981269e-05
ISIC_0034341.jpg,0.004093492700597793,0.013761456003707305,0.03627207765218112,0.005013163875866586,0.05489670660123907,0.879305718296833,0.004655026789378227,0.0017442103927444276,0.0002581476874525188
ISIC_0034342.jpg,0.003479043739864822,0.0024606431786344,0.01926025101298315,0.013940825149215684,0.04505063491519767,0.909616219053757,0.00530387068669596,0.0008462504548137814,4.2261808837651235e-05
ISIC_0034343.jpg,0.019347858161869617,0.013993020272862346,0.18688847695349567,0.035915665953626996,0.3851689085599503,0.1411861466259863,0.20982960923940763,0.007655628836157488,1.4685396643621018e-05
ISIC_0034344.jpg,0.0909629927754496,0.2233760737237164,0.0871698676729727,0.22328066613849107,0.007710115502318608,0.0066639140648010525,0.35037071712273954,0.01004687179329696,0.00041878120621408277
ISIC_0034345.jpg,0.038586452266717586,0.0005913450055576258,0.8213520219797222,0.0073946174229939515,0.059018466730067436,0.06547126302370462,0.0040427876111792755,0.0004368262369148542,0.003106219723142326
ISIC_0034346.jpg,0.01998706665339574,0.46457870847199195,0.0031428114729915523,0.07437877688860058,0.004239854123891006,0.00023320411825914918,0.40502046090850213,0.02838476444784456,3.4352914523327623e-05
ISIC_0034347.jpg,0.002064258622418865,0.0012937493226115873,0.01466947057974225,0.014381763383544896,0.012993531893328664,0.9507796166191871,0.0022400668827854023,0.0009093548795319692,0.0006681878168493441
ISIC_0034348.jpg,0.003045246445482933,0.06055269349628187,0.011423308566840276,0.021800578504030693,0.024727574480869055,0.8604370872672634,0.007961674530212055,0.009680859784291111,0.00037097692472868655
ISIC_0034349.jpg,0.000526163812868588,0.0024764813698803178,0.01066483809856611,0.00035566298603773684,0.0029906636438669578,0.9821700736071269,0.00043262044492822245,0.00035108248395889196,3.241355276615978e-05
ISIC_0034350.jpg,0.0014243094347140678,0.001674824152336745,0.005884351310553735,0.021782280340445322,0.031149983368728557,0.8874075172673556,0.00599419835300222,0.04461833490715141,6.420086571241065e-05
ISIC_0034351.jpg,0.012367427290236233,0.06459094295588073,0.18581486630649402,0.05636470505753797,0.01877300916351103,0.6406700856097434,0.016865263937062953,0.003719332235445978,0.0008343674440877469
ISIC_0034352.jpg,0.0005728706696787691,0.004756983372065987,0.004580018102925688,0.1643540455697395,0.007438218717547604,0.7935837779172173,0.0005183983333140741,0.02316791740531506,0.0010277699121960164
ISIC_0034354.jpg,0.3676502093931003,0.0009327865622601729,0.533680874281976,0.002322129781411496,0.08285560409676039,0.006532107441284185,0.004427196049212692,0.00033232748076489647,0.001266764913229866
ISIC_0034355.jpg,0.010372860563896686,0.0044784120227427315,0.24129394999820172,0.04619079494125367,0.18613588688576413,0.4786013637556264,0.03051221687855893,0.0023983490667963503,1.6165887159319882e-05
ISIC_0034356.jpg,0.00166074442461315,0.00119611177345664,0.011526655537945423,0.018373106992408027,0.024681285609299056,0.9353217789234334,0.006175793141033849,0.0010432685202805953,2.1255077529890493e-05
ISIC_0034357.jpg,0.00791665735490561,0.03860656413405844,0.025917589278616208,0.09225249219286485,0.03139864513259291,0.7763290069392038,0.02468686772300903,0.002733492159015527,0.00015868508573366134
ISIC_0034359.jpg,0.02093097202919342,0.017822916836372358,0.1580604618979067,0.053426965436323366,0.13159528359130582,0.5211744333339442,0.09522452441652342,0.0015397883320884959,0.00022465412634222352
ISIC_0034360.jpg,0.001304790146644208,0.0009521479569662718,0.9307338459953994,0.007004574663513001,0.014046749978184439,0.02940758303026494,0.005035803643302281,0.011442734286648798,7.177029907662477e-05
ISIC_0034361.jpg,0.0711014533015307,0.46406959687108196,0.05276389754315031,0.07296885310626881,0.00412764507266524,0.004133960742999143,0.3025536133551267,0.023915035739883583,0.00436594426729348
ISIC_0034362.jpg,0.024678302031495517,0.011725341756402106,0.4703486540904655,0.3126631965778021,0.045001044045515505,0.026802019844658537,0.09339884075627247,0.013508960767271207,0.0018736401301171646
ISIC_0034363.jpg,0.014888321965304605,0.004286852202448155,0.0340519080653421,0.4492956396843218,0.22795406977996235,0.19367485188979208,0.07422209190443149,0.0015347878116375852,9.147669675988227e-05
ISIC_0034364.jpg,0.0013653112081056023,0.0017884324633345584,0.008894684676010319,0.03449349802583105,0.02758566866970966,0.911390911490786,0.00390114202492587,0.010469811961315542,0.00011053947998137708
ISIC_0034365.jpg,0.0029356975224544197,0.017026049924049932,0.03111855900954298,0.6449475368909983,0.005150856116342812,0.2415364146595715,0.005324573347118344,0.0515830207424291,0.000377291787492674
ISIC_0034366.jpg,0.00928000580650395,0.007684382361656671,0.920915417227163,0.005168404777518538,0.01916994335182771,0.012829846785025764,0.024207092016511833,0.0007402618576429332,4.645816149685638e-06
ISIC_0034367.jpg,0.0026338991959364445,0.00263380769549015,0.013121792822798429,0.17658307790797542,0.02444313618803351,0.7712240132353142,0.007518617859161066,0.0017186741918484884,0.00012298090344247138
ISIC_0034368.jpg,0.0024066060756129724,0.40958561280179917,0.44910644798215466,0.0032634504649227992,0.028020025774879775,0.08795305030979002,0.0060262084826804285,0.013625337802557258,1.3260305602858784e-05
ISIC_0034369.jpg,0.0021309055393022793,0.0025290319969171232,0.043514501220629546,0.012364096351474917,0.03204864994081552,0.9043339196354799,0.0021930309407835595,0.000713978623095103,0.00017188575150210193
ISIC_0034370.jpg,0.011056917132134423,0.5729060718897055,0.06977777330869425,0.0453901135378087,0.03801063494740555,0.22901945992912065,0.029411606684362112,0.003981221666242905,0.00044620090452579037
ISIC_0034371.jpg,0.04434778871270046,0.0029521527028678178,0.8630338702356054,0.002691826612745587,0.05996849426421352,0.01644358576299015,0.010397447480252155,0.00016300674460929658,1.8274840157877337e-06
ISIC_0034372.jpg,0.001972465207189718,0.0019659871341162097,0.017376498204596462,0.012470793819983976,0.021247050795177486,0.9416523823274092,0.00256508073235198,0.0006266906635315177,0.0001230511156434814
ISIC_0034374.jpg,0.0034064307879115257,0.0011770263983295547,0.10417934767260557,0.005245672087072872,0.015084128723644211,0.8648294566070369,0.005772465619955575,0.00027485224841200073,3.061985503179033e-05
ISIC_0034375.jpg,0.19901195258017942,0.07331779565705841,0.43166031877880867,0.1078942906097695,0.09476275289828989,0.051351458643805144,0.02797561252598076,0.013403377017464082,0.0006224412886440292
ISIC_0034376.jpg,0.003552299714605262,0.0008818854014423654,0.04761037076459715,0.014700045282725912,0.8979624858803855,0.01805786007799531,0.014702997972881826,0.0022455488437960083,0.00028650606157069853
ISIC_0034377.jpg,0.0003792948602315941,0.0005704734066093786,0.010956017593798868,0.2221168333265523,0.011807497286892931,0.7517986504301363,0.0007402062201042483,0.0015210221111346643,0.00011000476453968995
ISIC_0034378.jpg,0.05262169098735018,0.009742578558207024,0.49379628759243194,0.022949785244639056,0.21346936740673675,0.12695385885178356,0.07870543882567076,0.00151837145680171,0.0002426210763789745
ISIC_0034379.jpg,0.021279603981615856,0.0025527609058861893,0.29635497729364685,0.009523185498143504,0.38097229687637374,0.2696725566621377,0.018367070201986194,0.001221839690078043,5.570889013194787e-05
ISIC_0034380.jpg,0.000331125761659989,0.0006641629477422917,0.004015154481557597,0.0064711131038581275,0.012142316579061466,0.9687657827763009,0.00037458964763526924,0.0072070760193631254,2.867868282121507e-05
ISIC_0034381.jpg,0.008428666504230029,0.0034792204037178884,0.13180462389098183,0.017227806900681344,0.6059876196703534,0.2145967054217389,0.01367231414664493,0.004795052982079511,7.990079572200974e-06
ISIC_0034382.jpg,0.02512474475303324,0.008625694587593586,0.32345806628085355,0.026387882781503516,0.14704807775698228,0.043847659661060356,0.42332705546428784,0.002125095298946712,5.572341573884386e-05
ISIC_0034383.jpg,0.0776396746957146,0.3164158725747885,0.08625940870050046,0.2022383074605121,0.012039278436623115,0.006896386494777588,0.28735107496657836,0.009801961571283041,0.0013580350992222334
ISIC_0034385.jpg,0.0016699293874401272,0.01723705814725668,0.02208691645606553,0.07467493120979503,0.007182923086855172,0.8555275289101542,0.002857543092335298,0.018711187678978204,5.1982031119767284e-05
ISIC_0034386.jpg,0.002246880015791753,0.07431280551618091,0.031163606820757344,0.07002856621864738,0.7183408890058279,0.05808417478541595,0.012497087056771083,0.033230360891324404,9.562968928336326e-05
ISIC_0034387.jpg,0.016814608316260457,0.0016545980150831673,0.6421274211740519,0.005254384222758721,0.17296062127862868,0.1458174575011284,0.01150345236004636,0.003856339095957912,1.1118036084428356e-05
ISIC_0034389.jpg,0.0013360498555654552,0.004141704638653506,0.008007583128709776,0.0046527332074744856,0.015685180936285195,0.952257710335938,0.0014969641811042559,0.012404647447831567,1.742626843776361e-05
ISIC_0034390.jpg,0.15784383288768164,0.07258206017454988,0.2401210871339096,0.04539447002101082,0.14102475242578655,0.002898468307951995,0.3330966055504368,0.005724774069949244,0.0013139494287235799
ISIC_0034391.jpg,0.0009282758699557434,0.007919284335201388,0.008044147313128263,0.003787291418624881,0.047120653912865,0.9185853892445267,0.006641872805250953,0.0067917706865782135,0.0001813144138687791
ISIC_0034392.jpg,0.006135817201580639,0.011137404184659262,0.11171939750289657,0.008683212610099725,0.362949816589597,0.48717311990806905,0.0035221567315384555,0.00825677181886973,0.00042230345268955057
ISIC_0034393.jpg,0.002183974453623431,0.0013318505576799453,0.02222466706933286,0.020164647421512402,0.282579168421132,0.6686576157894141,0.0013718994338263923,0.001246696073584228,0.0002394807798946847
ISIC_0034394.jpg,0.016618345636967114,0.005878470562217369,0.4727690893054774,0.006840533816123831,0.2632175028503876,0.04043870281081464,0.1930395422636426,0.0011394700011784927,5.834275319108353e-05
ISIC_0034395.jpg,0.005028796371713519,0.007286721896381982,0.06240822938227989,0.007059232998218655,0.08940102721016586,0.8230949057263096,0.003081270412803347,0.0023877690832838166,0.00025204691884334534
ISIC_0034396.jpg,0.05484429485950653,0.00538591330431577,0.7513085263129615,0.019785400651837568,0.041047666562551405,0.10169386260358097,0.023202219060900916,0.0026490619293347306,8.30547150105678e-05
ISIC_0034397.jpg,0.005182548755311873,0.0018224949508528693,0.025640283080625634,0.0053427615906497415,0.03249457780784148,0.9209146490592107,0.007280236997773106,0.0010547856812726849,0.0002676620764617916
ISIC_0034398.jpg,0.01668796922498503,0.015017811636770432,0.04245978842730561,0.5599116662170117,0.06256663455915785,0.05610284065931265,0.24290227138781117,0.0040905368915110756,0.00026048099613456833
ISIC_0034399.jpg,0.0009665059100562328,0.003481164870554721,0.00442606310412353,0.007727453678170169,0.00854459827452087,0.970624029262016,0.0030244421713986505,0.0007963978447935666,0.00040934488436633544
ISIC_0034400.jpg,0.0021491404990656884,0.0022341904095444912,0.02011652109768246,0.009366706058063848,0.06584570819004394,0.8943481467557438,0.002995954106814663,0.0025954824422863066,0.00034815044075483566
ISIC_0034401.jpg,0.0004188816362761644,0.05066725710296447,0.02253606451969783,0.06029064036991205,0.025626061478394867,0.46235159240266716,0.0007443656808269168,0.37723834242344195,0.00012679438581870967
ISIC_0034402.jpg,0.16195303101319475,0.04949006271497939,0.1272657452382039,0.03703875742047461,0.021536231989005648,0.004032867056040644,0.5945498109223869,0.003997294395178407,0.0001361992505358779
ISIC_0034403.jpg,0.0001278208255117125,0.0005025767639674619,0.0012453666721224024,0.0021146367225537087,0.01096820812206826,0.9844105512504603,0.00024093749300514613,0.00038586617104411654,4.035979266919518e-06
ISIC_0034404.jpg,0.1268788582608593,0.35537402268095214,0.04596620254654112,0.33471743549141547,0.04144096017406955,0.003597758814543365,0.0760936887802472,0.014596716378793591,0.0013343568725782578
ISIC_0034405.jpg,0.03030932150258737,0.7248048895808575,0.04037644287936156,0.052568205826133065,0.005076230554318291,0.0063166218037602915,0.12131029479812656,0.01819628549724675,0.0010417075576085197
ISIC_0034406.jpg,0.02320501950059281,0.7826620138115783,0.021925186999653862,0.007818635025308697,0.007255166086319246,0.00863823956871431,0.14750416036794206,0.0009195677949321496,7.201084495861218e-05
ISIC_0034407.jpg,0.001738458544593255,0.0017308987819318006,0.008420352221486897,0.048268302651585354,0.027398715774040145,0.9082352579476639,0.0025076639665685845,0.001445348169361766,0.00025500194276828096
ISIC_0034408.jpg,0.00016480616938781498,0.00036334448145320845,0.002066844791197926,0.0007428363909808424,0.019420094431463263,0.9762135536704742,0.0005278068752655006,0.0004933076354552573,7.405554321983216e-06
ISIC_0034409.jpg,0.023394252583806174,0.7365747975355793,0.02711734512138118,0.05222349890196562,0.004915351202507334,0.005043986365191491,0.11922392657091141,0.030130350432150763,0.0013764912865068342
ISIC_0034410.jpg,0.09140116286045592,0.014536599506121238,0.48510684171914226,0.05498015590957023,0.05434813428089643,0.020769036335141714,0.2753434327408137,0.0033816856062668763,0.00013295104159170238
ISIC_0034411.jpg,0.8615232201116849,0.0035725605186799204,0.10157993332549677,0.0001781040741540906,0.019118914547808515,0.0002676148556129417,0.013724109297984061,2.9195731931981194e-05,6.347536646881956e-06
ISIC_0034412.jpg,0.0037916211578863067,0.006065256328968937,0.029521942376671176,0.022985179894101565,0.025129455914344446,0.8949609472082366,0.00413822382648482,0.013285190781336068,0.00012218251197001679
ISIC_0034413.jpg,0.012649328802868351,0.004677279786692541,0.6102138803257339,0.20834961424057732,0.005071563995461883,0.060382120425971374,0.06908266934019051,0.027956378591556388,0.0016171644909477561
ISIC_0034414.jpg,0.004308966177194056,0.0029573858121860197,0.019367486107729533,0.12426676608834447,0.06736522696347695,0.7683695274697563,0.003877116196861163,0.007704259263415731,0.00178326592103583
ISIC_0034415.jpg,0.003150329328053358,0.003464061480511945,0.009591962692359726,0.012390488970303854,0.030195430878244552,0.9358462193563658,0.003940258458914803,0.0012139157776490668,0.0002073330575967363
ISIC_0034416.jpg,0.020400691277230376,0.25294567143307317,0.005231896181409964,0.049888094441296216,0.005561462339015889,0.0002504459466890309,0.6526324278575183,0.01299713594627301,9.217457749423047e-05
ISIC_0034417.jpg,0.003960610072927696,0.0013736946297568658,0.026731427131911237,0.010117586384825723,0.056330477243268895,0.8949212667721348,0.006257766496782138,0.00023772917760710448,6.94420907854968e-05
ISIC_0034418.jpg,0.002120498519040308,0.0031378971739233676,0.0180586900877219,0.12336476748553393,0.0091046263736151,0.8121721289701059,0.0021013966609015615,0.028162640538599414,0.0017773541905585957
ISIC_0034419.jpg,0.01326439570057278,0.016795754903910498,0.032986862593342804,0.012993101218560501,0.02121587074690569,0.7963702947117787,0.10317181988970153,0.0031278170650927938,7.408317013457047e-05
ISIC_0034420.jpg,0.000822533720922617,0.004775775483132977,0.04557168920254608,0.01390612171246082,0.019533597446510485,0.9104333057280577,0.0009988239127720453,0.003920217095726745,3.793569787066305e-05
ISIC_0034421.jpg,0.059672039954132367,0.07342709743795343,0.12137064303956285,0.040263775350879875,0.029407524594162265,0.013502600296251173,0.6600774936412522,0.0020852144764475443,0.00019361120935816327
ISIC_0034422.jpg,0.01207744188828993,0.020561398244745135,0.020197344048890332,0.05733830897011008,0.18216478591695576,0.0071875802646618435,0.6932758816032258,0.007167966089164191,2.9292973956965913e-05
ISIC_0034423.jpg,0.0009068594716292658,0.001468900199364775,0.006881921421535822,0.002830642589174939,0.04567951405549625,0.9210410987811835,0.015727627496415524,0.0054026149815582436,6.082100364170965e-05
ISIC_0034424.jpg,0.008056479677513917,0.0054355606215399956,0.07286092994514155,0.009010004817411085,0.06255454123884387,0.8013295675007283,0.02988036764312416,0.010561667572934141,0.00031088098276286813
ISIC_0034425.jpg,0.004349016242283097,0.0012290299473780729,0.02765667554976303,0.004449483551401196,0.24311289217265486,0.7125983757022974,0.005213074409942157,0.0012856587326575894,0.00010579369162251383
ISIC_0034426.jpg,0.006374965251196693,0.004145780031851223,0.01107243547546171,0.05905142770404856,0.022220942021270913,0.8716755538538625,0.006957972092948034,0.014133480437756472,0.004367443131603941
ISIC_0034427.jpg,0.24952157802674316,0.031122501840142716,0.39787407956105314,0.02484062545522976,0.019995111786847722,0.004396697311491648,0.26888937449758077,0.0032738721214872896,8.615939942373257e-05
ISIC_0034428.jpg,0.003908347684686424,0.004723026514752665,0.0659136678932526,0.036463719898717044,0.008894049400978035,0.8637299603034178,0.0046313535849693815,0.011283270230134944,0.00045260448909103585
ISIC_0034429.jpg,0.0008302092933063725,0.0009584820572217925,0.004259512345033813,0.03273406990645288,0.013959473724602703,0.9438080861477699,0.0021130224734447712,0.0009932039164102068,0.00034394013575755043
ISIC_0034430.jpg,0.004201294426750046,0.0022177568157088104,0.07446754660341105,0.018281993612871108,0.17656414684355104,0.7159233407136988,0.007614684515388198,0.0006967797760981793,3.245669252273294e-05
ISIC_0034431.jpg,0.013839519791398228,0.03499663237039268,0.15506543605724674,0.04886947013555073,0.15174520009516054,0.5496291807814288,0.045036450283338664,0.0007908404036896607,2.727008179401214e-05
ISIC_0034433.jpg,0.0013887182614954884,0.2863114905067981,0.4075826397617021,0.017217469595418724,0.02548714560317993,0.18821270735121087,0.00358561800187293,0.07017279541228293,4.141550603891664e-05
ISIC_0034434.jpg,0.0030320877225988325,0.0025097246320430837,0.03859266961746558,0.002947299354917014,0.25961519520136117,0.6850989458424311,0.006250566168553411,0.0019013811282618306,5.213033236795393e-05
ISIC_0034435.jpg,0.00295194101278739,0.0025947232365754066,0.015481226426973381,0.00883051694073842,0.026822385398337537,0.9351613887430879,0.006478884573016768,0.0016538702251465969,2.506344333663842e-05
ISIC_0034436.jpg,0.11206650696633162,0.047550484155948064,0.29877533322706995,0.02239004620645225,0.043642877061798986,0.031408126274191664,0.44191411932972585,0.002103151278897965,0.00014935549958358294
ISIC_0034437.jpg,0.043262002738947036,0.3001743315135579,0.22255659881897757,0.011145266545433507,0.07463631237424659,0.26317781730981055,0.08378860072133532,0.0011861778926030256,7.289208508852971e-05
ISIC_0034438.jpg,0.0007525935565072234,0.0003102890679029373,0.017489443433379374,0.010987520517156584,0.9047463465070477,0.06398631621277444,0.0008939168687827865,0.0007660263301085646,6.754750634044208e-05
ISIC_0034439.jpg,0.005648971595948875,0.006132272834506618,0.017779098837872733,0.00797073336436677,0.030224663591310503,0.8804315485278836,0.013077793796540218,0.038643544328018954,9.13731235517198e-05
ISIC_0034440.jpg,0.0008627915641139612,0.0028326521115055133,0.003142355321145519,0.0022860641664627706,0.021846916280701154,0.9677443342893765,0.0008175160025608776,0.0003994669623770631,6.790330175647936e-05
ISIC_0034441.jpg,0.0014372526131182246,0.002074099355518153,0.008174462513506712,0.04984719363525437,0.018869849565029555,0.9032354819432493,0.0022815377858732637,0.014011631409984711,6.849117846561532e-05
ISIC_0034442.jpg,0.005667014482499049,0.0029634902289237524,0.028585531565797132,0.008024767613337924,0.010350031816730746,0.9345836047311923,0.0063957613149534555,0.00312113028601638,0.0003086679605492419
ISIC_0034443.jpg,0.055814722584809934,0.05639314486357269,0.17350196956003058,0.11414275352712643,0.16223472155742324,0.33711277523995536,0.09436249560143976,0.00612993747923835,0.0003074795864036664
ISIC_0034444.jpg,0.0010802853432631306,0.0010643693344316873,0.010688894693602817,0.014843823322083045,0.021540922119214156,0.9446656424825007,0.004369679165042686,0.0017048529187072062,4.1530621154474424e-05
ISIC_0034445.jpg,0.02089562238423449,0.0032039489893116034,0.4268661348583911,0.05381971642293835,0.02132763601080848,0.44932786064749863,0.019464775479094223,0.004711036714293136,0.0003832684934299425
ISIC_0034446.jpg,0.005063690848094307,0.008155229538334868,0.036183352692851285,0.052796756807552886,0.7687411525669451,0.04829949567951447,0.07460640404680213,0.00564542878788617,0.000508489032018862
ISIC_0034447.jpg,0.0010497368381618348,0.0016499746065445344,0.010297452450701855,0.011838897906761304,0.024483182842380758,0.947617109664309,0.0015276231944321489,0.0015271196205097926,8.902876198897263e-06
ISIC_0034448.jpg,0.0048004685937070146,0.0034367512410104738,0.03616996185710681,0.018378407236272893,0.05820778209275165,0.8502309548639017,0.020083201533684224,0.008616664637403633,7.580794416151513e-05
ISIC_0034449.jpg,0.0022461433344972497,0.07074082933020805,0.05411891408215728,0.015175253010753294,0.07754479328336732,0.745440101875363,0.0031075864331238843,0.03156092317603661,6.545547449332368e-05
ISIC_0034450.jpg,0.04661134963950119,0.013987795333300105,0.32676665437888736,0.009824760860512713,0.4832143035401393,0.10056677823533465,0.01795264964881305,0.0010122773334572612,6.343103005444635e-05
ISIC_0034451.jpg,0.0021164056175882726,0.012751942284045933,0.9303758448683936,0.0051894182352399286,0.011864943922427616,0.014235726809299548,0.005287553317763999,0.01792527743738138,0.0002528875078597946
ISIC_0034452.jpg,0.005677025085335609,0.03481555622056976,0.07895043378709124,0.009420694345771767,0.06328864550893092,0.7885450063156005,0.005844974616678749,0.01333919721388408,0.00011846690613738041
ISIC_0034453.jpg,0.006147544667824569,0.00028501884523445036,0.9746460219673686,0.00044706019324416193,0.010537193426847115,0.006581937737742383,0.0013150590116197483,3.9101225149920704e-05,1.0629249689521059e-06
ISIC_0034454.jpg,0.0010351396170467677,0.0012008180915006,0.011124184929716138,0.00795423337182293,0.015204521586807464,0.961010227070542,0.001545293042222705,0.0008890030435466976,3.657924679458372e-05
ISIC_0034455.jpg,3.7861784260153027e-06,8.033861855492666e-05,4.243137152632905e-05,0.0008088971398399936,5.306721820409607e-05,0.00012155720648282125,1.7750587056461353e-05,0.9988705385850792,1.633094830122915e-06
ISIC_0034456.jpg,0.003380396209625806,0.004937358034962091,0.04974407614136697,0.018199932528282538,0.14837311019283403,0.7601883021405257,0.012865804922553658,0.0022257559322369086,8.526389761236805e-05
ISIC_0034457.jpg,0.00950766142796204,0.002746491064996318,0.13827589653276467,0.014653513394691543,0.7455531732855817,0.08346201905394428,0.005294841993980812,0.0004754116047874088,3.0991641291197685e-05
ISIC_0034458.jpg,0.0012716286493519933,0.001123808314360819,0.012906359854951676,0.33682115200146406,0.026364675115511885,0.4945375732942301,0.00413705409294745,0.12262425328523159,0.0002134953919504358
ISIC_0034459.jpg,0.08550012799932609,0.002363820206574707,0.8501357116045744,0.0009393917624438952,0.05021479101683129,0.004323995611486368,0.006394710398336737,0.00010048940242671038,2.6961997999814776e-05
ISIC_0034460.jpg,0.0297110851871699,0.008034781687045767,0.4458922134312697,0.14180774778731223,0.010400749009467672,0.003639353111551894,0.3508591623183135,0.009302696289260198,0.0003522111786090256
ISIC_0034461.jpg,0.00044904575962106887,0.0016337319800501509,0.008053319549493513,0.009621053215684182,0.006231990223239392,0.9725711464985314,0.000429672939177877,0.0009087002013148383,0.00010133963288762885
ISIC_0034463.jpg,0.0015322948650009084,0.0011155733335607484,0.02269911462181012,0.00331545451616456,0.012716060167727467,0.9551965215974595,0.00275909040467664,0.0006439160461550922,2.197444744490786e-05
ISIC_0034464.jpg,0.002732453280213111,0.0032774832803757303,0.024656676776553824,0.009478007469772998,0.1513965190679186,0.7976584404864413,0.006810994373557283,0.003616175519671926,0.000373249745495256
ISIC_0034465.jpg,0.10638138760104927,0.012020125728433707,0.18984282482275136,0.017083776581740862,0.052700003733068906,0.5896710214443774,0.030502071345150063,0.0013687780314983215,0.0004300107119301793
ISIC_0034466.jpg,0.0020570212326823695,0.0023686390615780765,0.009928836170347533,0.023923846542284532,0.02493567726830556,0.9339576723302395,0.0021008836886887003,0.0006611147642759293,6.63089415977788e-05
ISIC_0034467.jpg,0.007601513874527427,0.0026066653286576937,0.022753469935460954,0.10405104481363571,0.21961338331910807,0.5753532764755838,0.014698894626852163,0.05035835291512003,0.002963398711054084
ISIC_0034468.jpg,0.002037260854389736,0.0016096767939136794,0.020392679784772733,0.004799331031524583,0.10472341559211569,0.8562356141230488,0.0030538383104851126,0.006529363283792877,0.000618820225956705
ISIC_0034469.jpg,0.046873056651482364,0.06213950630272962,0.24668780783158906,0.009939231174600065,0.5595541821013438,0.04562105328743756,0.02621795428551621,0.002859906616156225,0.0001073017491452108
ISIC_0034470.jpg,0.8898054409343829,0.004780338359083335,0.0742415813510081,0.0012422971736388148,0.01409947923366295,0.0008972255314058592,0.014778248406863273,9.85592854336526e-05,5.682972452111471e-05
ISIC_0034471.jpg,1.31273461095407e-06,5.468546691467189e-05,2.5227301341762765e-05,4.593982999337034e-05,3.0715795176053936e-05,1.2066049563009629e-05,1.0739872745007794e-05,0.9998192549275294,5.802212579595752e-08
ISIC_0034472.jpg,0.024941918699564136,0.012448405024246491,0.18389888696661758,0.12417959998144455,0.22217949745980448,0.17697995978477996,0.2516486741585637,0.003668572228310622,5.448569666849861e-05
ISIC_0034474.jpg,0.12807765446570715,0.01371439356932509,0.21885093041088555,0.051020845156018124,0.26128552857073056,0.2874061838659865,0.03473690425621751,0.0045668919134930425,0.00034066779163655076
ISIC_0034475.jpg,0.0014053054144433337,0.0007931103457188439,0.0062855197638665,0.012410856619369944,0.042445261093805746,0.9295343710014577,0.005604942462784794,0.0014139228479699373,0.00010671045058328036
ISIC_0034476.jpg,0.000522089622294694,0.0013197803927365622,0.0048486111493469325,0.041001923238003696,0.014472723163740075,0.9357317305083982,0.0008926804355006918,0.001014899102481684,0.00019556238749764634
ISIC_0034477.jpg,0.004663023614161138,0.0030009812729756345,0.03133875055990111,0.04756413047887461,0.3312713226516147,0.5505381799192246,0.029261322033692975,0.002354145379979933,8.144089575357552e-06
ISIC_0034478.jpg,0.03197928758297793,0.14676553593601607,0.16373670258379067,0.08196778528098235,0.04979797609829736,0.04694465962958178,0.46171209533365637,0.016918732998849363,0.00017722455584806443
ISIC_0034480.jpg,0.016157739013628946,0.003033225682998906,0.05773163386788302,0.6087620301545196,0.15603115130814552,0.109776322332781,0.04619589519818409,0.0019908017628339357,0.0003212006790250135
ISIC_0034481.jpg,0.013861964006504378,0.007591603125354812,0.039244606005242356,0.029006854827017783,0.014827740297372207,0.8750232592863311,0.013182487894188346,0.006809908779303945,0.00045157577868516063
ISIC_0034482.jpg,0.0008114493284862772,0.00037953904325990225,0.017803346820523855,0.00081648326290429,0.9664878305067682,0.007743342970622587,0.005581960959510412,0.0003535999473456176,2.244716057870768e-05
ISIC_0034483.jpg,0.0022958477196951908,0.0021217689099094455,0.015179916993786763,0.007642115512010272,0.03154157459422602,0.9346309901624661,0.005754161229550866,0.0008215231739049927,1.2101704450237492e-05
ISIC_0034484.jpg,0.0012826848877967615,0.000964077603159826,0.006325191497947485,0.01796269987506117,0.03547446584558527,0.9355139573639857,0.0015603099401043643,0.0007264188374340492,0.00019019414892530514
ISIC_0034485.jpg,0.015710855230327354,0.01299159514515879,0.8259557208322286,0.010234231965300888,0.013280311604714207,0.10795820608027355,0.01325513827958926,0.000609818119624311,4.12274278320513e-06
ISIC_0034486.jpg,0.08544097123613549,0.5824739156840228,0.11824518225895915,0.12607712286803707,0.015916317917360655,0.022623281807595774,0.02598445479301761,0.022443574769539013,0.0007951786653323474
ISIC_0034487.jpg,0.035078609181664125,0.003946462882777076,0.42915141854350214,0.011426088101953426,0.3477731416514289,0.1247079916657981,0.04723106406288243,0.0006299138343923669,5.53100756013464e-05
ISIC_0034488.jpg,0.001886917001217843,0.000855177132721156,0.04341659188729837,0.0025261064221522387,0.2727301440044379,0.6734629698640128,0.003281252084029101,0.001799432069897399,4.140953423330306e-05
ISIC_0034489.jpg,0.00968096789113279,0.0028820947380226655,0.704438203262615,0.17466785306557972,0.028935349799023808,0.05566958904277872,0.010938555211872007,0.012415926621881021,0.0003714603670942984
ISIC_0034490.jpg,0.0026536061517392524,0.0018986446260106093,0.9459124197873771,0.004966557603411492,0.023508693944647743,0.011680802179752725,0.0059201775834470186,0.0030328706068205188,0.0004262275167935517
ISIC_0034491.jpg,0.004784630640772662,0.003582427913727491,0.015299118229642207,0.04440204509974238,0.2136269037353116,0.6839397969589561,0.024860255187256198,0.008559619108042949,0.0009452031265483172
ISIC_0034492.jpg,0.04118451188022869,0.011249093844609656,0.2762100060230114,0.00660394296829551,0.4704982142979521,0.013006535657684087,0.1808225772879374,0.00038352552473596194,4.1592515545345906e-05
ISIC_0034493.jpg,0.0025710797990526365,0.0013405115540995455,0.9483376741849558,0.0023596591746873055,0.020656543134933796,0.015423304942347763,0.0045549943188263,0.002389068626268797,0.002367164264828157
ISIC_0034494.jpg,0.03089780476545313,0.005545344117886971,0.23753352827884225,0.0679599920123427,0.3984911415262773,0.1714395038658462,0.0861510230662998,0.0017634932394239328,0.00021816912762762629
ISIC_0034495.jpg,0.0032699621207171875,0.0014223477729800298,0.037120629214439364,0.02836767486266768,0.18017982302478555,0.7368954067798978,0.009960542614642577,0.002232340094313262,0.0005512735155564902
ISIC_0034496.jpg,0.0070222534879017555,0.005260699822504847,0.03221437752274018,0.1733101844656567,0.08222528624947294,0.6317441499285594,0.02697009104182263,0.03987602305521839,0.0013769344261231355
ISIC_0034497.jpg,0.01060755424660649,0.002031164318245395,0.13276883818963317,0.011573075115470566,0.647364512237567,0.19037955471772397,0.004608900349710111,0.0005407712965322663,0.00012562952851100017
ISIC_0034498.jpg,0.0011294036063935386,0.0059266127021577785,0.02028086316162106,0.011051014689703183,0.04703965382258421,0.854096007052263,0.0014575465080692896,0.05653394215831192,0.002484956298896074
ISIC_0034499.jpg,0.0028820134700930484,0.0010258564663199383,0.04314102524137501,0.0037205430582534934,0.26014725385153914,0.6825538923063696,0.004531421114673582,0.001973055970861507,2.4938520514664974e-05
ISIC_0034500.jpg,0.003710010582144947,0.019101536854933533,0.9362355772730457,0.004058841528746792,0.011501230932189589,0.005124563020688708,0.010203910367439818,0.009962123709863071,0.00010220573094790632
ISIC_0034501.jpg,0.03276419431815452,0.004269592944012472,0.3823945066175358,0.04254521933354905,0.03396779162223663,0.4824639928847095,0.018033108470639516,0.0033120329291983466,0.00024956087996414936
ISIC_0034502.jpg,0.01514614372127684,0.035721076837851036,0.08911457906340242,0.2738715462009502,0.07254549654659577,0.40263850700500625,0.10130915528051987,0.009596741868906002,5.675347549163737e-05
ISIC_0034503.jpg,0.002255629538000388,0.014397654503282451,0.03666983470765313,0.003824890489719946,0.06666213461750779,0.8264365041074386,0.00304650922734531,0.04545139362579758,0.0012554491832547292
ISIC_0034504.jpg,0.009372156646017892,0.004989461170041592,0.10079655072908704,0.05057396663532449,0.7616337480070429,0.05541101330851455,0.01557490260780636,0.0016207654592221591,2.743543694300907e-05
ISIC_0034505.jpg,0.0020514042762902005,0.00994611386627626,0.9600130799607259,0.0005840211525181419,0.016572042820149856,0.004681369981990705,0.002504518045385357,0.003600113414111067,4.7336482552513466e-05
ISIC_0034506.jpg,0.010053828180727545,0.0047710667146008265,0.07515390390832437,0.0989727281113116,0.06348458426956617,0.6782618466500251,0.01706123848434873,0.05213699416114475,0.0001038095199510604
ISIC_0034507.jpg,0.009066383301865192,0.008895658216945414,0.09775202771991638,0.008511351180843027,0.19467143957967414,0.6562272386058976,0.020762263069803763,0.004091710745474297,2.1927579580243982e-05
ISIC_0034508.jpg,0.00021360824818392196,0.003070386887713774,0.003556887703322208,0.012646987406526899,0.0010780713470812068,0.03993705497271185,0.00024420397713324305,0.9391997272527449,5.307220458187515e-05
ISIC_0034509.jpg,0.0017018109387899006,0.002748985031705198,0.023671953073515797,0.002258624663229512,0.027442587833821322,0.7693023060402271,0.003182820832474668,0.16965145513621263,3.945645002375758e-05
ISIC_0034510.jpg,0.011937669610554516,0.01019783761930722,0.05847348614688853,0.09076459863499568,0.13676614540269166,0.600130420727565,0.089499847582008,0.0021531952498256533,7.67990261637629e-05
ISIC_0034511.jpg,0.0007738779032759726,0.0008731546480100972,0.006454962935250447,0.009305437733159975,0.08780757011935293,0.8931006638361927,0.001246467887987466,0.00042426685810420056,1.3598078666179232e-05
ISIC_0034512.jpg,0.004112962084131504,0.0019599368252763614,0.04369376032894179,0.01944103672816039,0.021741244194652506,0.9016773332277808,0.004602386265690771,0.002680546576432855,9.079376893299678e-05
ISIC_0034513.jpg,0.004332975196676456,0.030733642793612865,0.06153158524144822,0.01852144505617602,0.27086422019436723,0.5921004462637817,0.017536128532193888,0.004217913792690234,0.00016164292905341713
ISIC_0034514.jpg,0.006023128639965482,0.0033703830724155677,0.05189957703449202,0.07884976797704146,0.049373273540714795,0.7978747906256812,0.00990987969522422,0.0023905893457611916,0.00030861006870411647
ISIC_0034515.jpg,0.000985760631744705,0.18719660686170356,0.3637787686166827,0.013259162890284145,0.02130407045880817,0.24505208335838913,0.0035204426322199243,0.1648747964477787,2.830810238902812e-05
ISIC_0034516.jpg,0.001102190245567362,0.0019901964931189646,0.007620686496920266,0.002157623340159265,0.004854633886038725,0.9785102434827894,0.0016185093795394994,0.0019517696793328475,0.00019414699653353234
ISIC_0034517.jpg,0.0010359378887821135,0.001685321808609859,0.007510762071836061,0.009892067393627873,0.014009087015640576,0.9605383093573862,0.0024712886916759117,0.002604985728728564,0.0002522400437128402
ISIC_0034518.jpg,0.003995523541555653,0.004009893242345879,0.029630700896637854,0.014522929651485451,0.04100772916574802,0.8985301056878354,0.00526447611336968,0.002761414727514086,0.00027722697350800256
ISIC_0034519.jpg,0.003402935588972886,0.0027769515422442705,0.0077536215406953666,0.008940880224271181,0.025039031681803478,0.9460200132377082,0.004217515415574728,0.0017718448001128146,7.72059686169831e-05
ISIC_0034520.jpg,0.0075524783387467915,0.002222491511876914,0.09677250798218308,0.016170436223264435,0.01573170894307907,0.8539054093871764,0.004837249296082996,0.00207196390396962,0.0007357544136207974
ISIC_0034521.jpg,0.00413230477014079,0.0020114025124895146,0.9373746317064251,0.009340868516660546,0.026803320528487756,0.008894818465947833,0.006987086096731106,0.004303847969026238,0.00015171943409125519
ISIC_0034522.jpg,0.004772631504132054,0.022543189468898297,0.05977538803094771,0.08989462250315267,0.06054582415163764,0.734819094437355,0.018628497129020784,0.008850595013319045,0.00017015776153678436
ISIC_0034523.jpg,0.12417600437066763,0.27744914487674754,0.008003564376570932,0.10987884783134054,0.0032279591774694266,0.0011234715508575638,0.47119476169121927,0.004913119878462023,3.312624666510186e-05
ISIC_0034524.jpg,0.0036520167219373408,0.005802930264090768,0.012847610332655232,0.015528785122595744,0.011468299564510329,0.9381421188523204,0.010325065649132019,0.0019388138720406796,0.0002943596207176685
ISIC_0034525.jpg,0.013522632541715936,0.008705927866917243,0.030190784053127667,0.5046445149701629,0.05257258954407933,0.3621287376345868,0.01768132435335328,0.01001856236069709,0.0005349266753596907
